# random matrix
3312 1 3312
1 1 -0.5435324524629563
2 1 -0.44943653993612
3 1 0.18303946622223766
4 1 0.994853328956937
5 1 0.1387092185714709
6 1 0.04501400180912807
7 1 0.3316776626615605
8 1 0.03000268232271952
9 1 0.07859202957560196
10 1 0.5466710878767593
11 1 0.015887404406107475
12 1 -0.6857760288527446
13 1 0.7102980088931001
14 1 -0.6562278746372399
15 1 0.3659223688556621
16 1 0.7833270123906042
17 1 -0.4932190587210381
18 1 -0.5492054735632128
19 1 -0.2172069496523239
20 1 -0.6552584311146599
21 1 -0.7990934248061463
22 1 0.19881427427876242
23 1 -0.043652121670699984
24 1 -0.030440358920709176
25 1 0.8655815820096866
26 1 -0.8770860658705004
27 1 0.09460203440344905
28 1 0.6903330403637418
29 1 0.3250505736827123
30 1 0.7427644760969871
31 1 0.22071123063726317
32 1 -0.2440602423275644
33 1 -0.9723501271721988
34 1 -0.4616879608107476
35 1 0.7516989422455029
36 1 0.9594816229570813
37 1 0.5290228192146509
38 1 0.6127567509828538
39 1 0.2808281538125659
40 1 -0.3163509704097027
41 1 -0.47422742374895166
42 1 -0.48691532284185457
43 1 0.5062994257989937
44 1 0.24024977707497452
45 1 0.5968704661861419
46 1 0.7379322058467677
47 1 0.03949818779580938
48 1 -0.35920568714813816
49 1 -0.5254228031173596
50 1 -0.6307961018620551
51 1 0.9845991294746341
52 1 -0.4754290584381755
53 1 0.5546404523634014
54 1 0.152679472289728
55 1 -0.17322694870660338
56 1 0.4468225116859279
57 1 0.023562094744611572
58 1 0.7386932939727251
59 1 -0.5678537117624876
60 1 0.8131319138807811
61 1 -0.28559760738039586
62 1 -0.6500412387731012
63 1 -0.10172739681202847
64 1 -0.47196663082143253
65 1 -0.9815670255389641
66 1 -0.5189464206648662
67 1 0.7990555554945273
68 1 -0.2943435762268931
69 1 -0.5892131312455482
70 1 -0.6261338804735821
71 1 -0.37019238670447896
72 1 -0.256560606542765
73 1 0.16468786891324028
74 1 -0.9015982313500308
75 1 -0.12843795119331092
76 1 -0.8954293224294687
77 1 0.19016871744419817
78 1 0.9111925727731642
79 1 -0.25025601199496084
80 1 0.1549367861505786
81 1 -0.45880926952039913
82 1 -0.8129473325859369
83 1 0.876789645253224
84 1 0.8085550892026567
85 1 0.23688018207606043
86 1 -0.22496892995452233
87 1 -0.5225469880544038
88 1 0.09477828560403978
89 1 0.9946827970531307
90 1 0.8153445757486089
91 1 0.7808709762612092
92 1 0.24195709150695888
93 1 0.7732528232124001
94 1 -0.47510787840134006
95 1 -0.815941813428444
96 1 -0.36231123557966427
97 1 -0.33425889965824385
98 1 0.1670462170612126
99 1 0.49382750592884106
100 1 0.34786633041447
101 1 -0.24787434284462395
102 1 -0.24753697113860684
103 1 0.6138071499581801
104 1 0.8807029326936813
105 1 -0.34359812979034676
106 1 -0.9440061114981597
107 1 -0.9587925396882488
108 1 -0.2668095444483076
109 1 -0.513996843939877
110 1 0.8383114010173822
111 1 -0.7198606043155906
112 1 -0.4024518169029616
113 1 -0.18373324275121927
114 1 -0.5163132162353135
115 1 0.6903232621151711
116 1 0.06427887127755749
117 1 0.7833573630084236
118 1 -0.7749317811438081
119 1 -0.5414792726857101
120 1 -0.3419364070249664
121 1 0.8701409819503563
122 1 0.14190104194170128
123 1 -0.6477558548577655
124 1 0.43121614761288396
125 1 -0.7482833732986602
126 1 0.6410563588208851
127 1 0.43593546524929105
128 1 -0.6131010048729413
129 1 0.5586380522857668
130 1 0.4207390754349303
131 1 0.8290669896428029
132 1 -0.6365736376515041
133 1 0.37913445080767283
134 1 0.13702827963953612
135 1 0.32798497535178006
136 1 0.853547424170396
137 1 -0.8741553881020712
138 1 -0.9048627444064214
139 1 -0.36484518596717974
140 1 -0.3697373405492437
141 1 0.027336952032714912
142 1 0.8429480142547907
143 1 0.6045333879619408
144 1 -0.49950700001496506
145 1 -0.2627976840889892
146 1 -0.7611746618034001
147 1 -0.6985006564150398
148 1 0.3609252574991988
149 1 -0.5322652697778263
150 1 -0.02710630937542713
151 1 -0.6327574919137644
152 1 -0.5172543254583513
153 1 -0.29549187728456916
154 1 0.25025354710443515
155 1 -0.3672892638625671
156 1 0.45020437188237206
157 1 0.14776928872094985
158 1 0.8857050201590717
159 1 -0.654603721324347
160 1 -0.28224010074681116
161 1 -0.049818905997890184
162 1 -0.995697764411456
163 1 0.7174200658818555
164 1 -0.3392962895812641
165 1 0.6110230325684547
166 1 -0.5846434921883579
167 1 0.2733001274483777
168 1 -0.6540372098870495
169 1 0.41016415955517127
170 1 0.5243346957099524
171 1 0.21286890729435326
172 1 0.046447477361224454
173 1 0.5490140150013094
174 1 -0.8241648117147198
175 1 0.11944877010739208
176 1 -0.9259528775114134
177 1 -0.5497129425212186
178 1 -0.5760660623372733
179 1 0.4843514424622346
180 1 -0.40183368539620035
181 1 -0.8379524141354815
182 1 -0.5297341204467241
183 1 -0.24521863832623514
184 1 -0.022727090517123738
185 1 0.5534230301328353
186 1 -0.16096906603556627
187 1 0.30030620714910183
188 1 -0.5431769057799563
189 1 -0.6253663600143098
190 1 0.918463027690333
191 1 -0.47298683426299126
192 1 0.33017608500946394
193 1 -0.5594903015215604
194 1 -0.5365290346951908
195 1 0.3354385417182226
196 1 0.1045091971260681
197 1 -0.253128675791781
198 1 0.6715260093309543
199 1 -0.9844344626652108
200 1 0.3195416403351856
201 1 -0.6649618131252171
202 1 0.9473640872058502
203 1 -0.7411563754174362
204 1 -0.5426769150548052
205 1 -0.02203595066305386
206 1 -0.5637139792840486
207 1 0.3247945557622709
208 1 -0.30053183780549997
209 1 -0.5721760733697518
210 1 -0.004526483346027899
211 1 -0.2514125139970287
212 1 -0.44320302186047766
213 1 -0.669449976275089
214 1 0.9374662353551084
215 1 0.25049601330707527
216 1 -0.8717273714978484
217 1 0.8062082697673263
218 1 -0.930294806919925
219 1 -0.18158906314409484
220 1 0.18539950103049518
221 1 -0.5576376298465364
222 1 -0.3854386716101965
223 1 0.2601477033343702
224 1 0.28933691012745966
225 1 -0.7285125526999949
226 1 -0.6084089348468269
227 1 0.42308523818245836
228 1 -0.9914478081152238
229 1 0.39607228016043994
230 1 0.01746830792205989
231 1 -0.9118541175979611
232 1 0.07525854992677461
233 1 0.9420764247429594
234 1 0.9091473795276739
235 1 -0.3109455516343318
236 1 -0.5477459026416776
237 1 0.4775752312021284
238 1 -0.7817067563126616
239 1 -0.717776838092385
240 1 0.6610729202295798
241 1 0.34624290470805974
242 1 0.6030817314501755
243 1 0.20170357009713724
244 1 -0.6410874364843613
245 1 -0.010969523873906928
246 1 0.833445960871986
247 1 -0.2887299796605194
248 1 -0.41300484734781007
249 1 0.3881171217330852
250 1 -0.8959807849097545
251 1 -0.16168554443662342
252 1 0.24371322353676783
253 1 0.42192567096397116
254 1 0.1459387505364962
255 1 -0.9008241843818257
256 1 -0.29274807068178754
257 1 0.764373551885202
258 1 -0.3082679519558018
259 1 0.23212473090438923
260 1 0.6501220717722294
261 1 0.07704793006071298
262 1 0.4865488910564444
263 1 -0.17625666876472224
264 1 0.3459833595152588
265 1 -0.3807605172196664
266 1 -0.6524838714872154
267 1 -0.618911169255302
268 1 0.60386229089826
269 1 0.4201802001249286
270 1 0.3643808843070724
271 1 0.9409851682213317
272 1 -0.2550114268574515
273 1 -0.11966437798294804
274 1 0.33889646606527646
275 1 0.8677310627368602
276 1 0.6506370264313066
277 1 0.9907937595820517
278 1 -0.9450236817359281
279 1 -0.39654666624524126
280 1 -0.9571802986892672
281 1 0.6940930379951671
282 1 0.15058463001503686
283 1 -0.724953620181559
284 1 0.9782834375827669
285 1 0.2934181651281351
286 1 0.21693078793549447
287 1 0.7113651578254458
288 1 -0.7425118936627761
289 1 -0.4666474355441872
290 1 0.6995907243299078
291 1 -0.6621184334491257
292 1 -0.7546315999212392
293 1 0.7328326567429306
294 1 -0.17785648438413526
295 1 0.977012754750068
296 1 0.4071419098038995
297 1 -0.10317487790055169
298 1 0.9768809959053464
299 1 0.04830887089095226
300 1 0.02975915651241201
301 1 0.4646573004228467
302 1 -0.30587566078598805
303 1 -0.8856511574591819
304 1 -0.09728694179923547
305 1 0.7265819797318227
306 1 -0.05157599671314905
307 1 0.020938697243147786
308 1 0.8890155725289699
309 1 0.11045064439259722
310 1 -0.7547885595733683
311 1 0.14883364864077908
312 1 -0.7131179490224224
313 1 0.37106288000584287
314 1 -0.668888742158507
315 1 -0.12138845177060165
316 1 -0.6449233350860761
317 1 0.04282660892030843
318 1 -0.09493659779681818
319 1 0.9505055201376955
320 1 -0.631470055736628
321 1 0.07393046750747256
322 1 -0.5174436949266132
323 1 -0.664305880795597
324 1 0.5430684158713168
325 1 -0.4144085749273321
326 1 -0.8339693321341268
327 1 0.17237912633686103
328 1 -0.7296320791057562
329 1 -0.6509648985424554
330 1 -0.2702558979017613
331 1 -0.1398093381276868
332 1 0.3843257921089027
333 1 -0.30066517550557514
334 1 0.748499746242212
335 1 0.3926538465858129
336 1 -0.06870169854738761
337 1 -0.5459290528097762
338 1 -0.24023257199497405
339 1 0.07482086900983576
340 1 0.8205196927034892
341 1 -0.9809897989839762
342 1 -0.24848194697060655
343 1 0.9641218985920865
344 1 -0.125883809187193
345 1 0.21225582547409938
346 1 0.1026200978691012
347 1 0.5866997955345863
348 1 -0.6011782840359587
349 1 -0.8138420566195712
350 1 0.7886893519131519
351 1 0.4010395953137027
352 1 -0.4394301541086185
353 1 0.21613494552466817
354 1 0.7336294931405687
355 1 0.9152632360957254
356 1 -0.659634901610384
357 1 -0.8234361545582751
358 1 0.44036951925434575
359 1 -0.1581445654174629
360 1 0.9832807037439721
361 1 0.6804608320239658
362 1 -0.4593045060426224
363 1 0.005080099932582183
364 1 0.3846041276028447
365 1 -0.3651709069899216
366 1 0.6672988915119888
367 1 -0.17883498304389844
368 1 0.5458948348749579
369 1 0.03954941733065498
370 1 -0.9048903980521104
371 1 0.1410836087804701
372 1 0.2665809288405123
373 1 -0.7134229251137518
374 1 -0.00488541443657553
375 1 0.9779780037611683
376 1 -0.13546161788363031
377 1 0.1516853259046591
378 1 -0.5944694794322258
379 1 0.9846234284101119
380 1 -0.25706678235098357
381 1 0.14334704217239835
382 1 0.699077733223733
383 1 0.9168314854019568
384 1 0.9112337077154293
385 1 0.361362325316386
386 1 0.7120999789231117
387 1 -0.1790290496344824
388 1 -0.7575448896173833
389 1 0.30347234304371473
390 1 -0.5467262410593094
391 1 0.5257417101391348
392 1 0.189715460283985
393 1 0.3664783839364083
394 1 0.7990675746176101
395 1 0.8301198598655364
396 1 0.4350148752432319
397 1 -0.5821702126868775
398 1 0.7577965759558791
399 1 0.3573585155894714
400 1 -0.5509788368803161
401 1 0.5595435465579375
402 1 0.6287035698080317
403 1 0.7140778600648359
404 1 0.04554373521848998
405 1 0.10806350584134572
406 1 -0.3918461298144875
407 1 -0.6510936393275075
408 1 -0.9045578261099438
409 1 0.8341671454998167
410 1 0.3513022247563993
411 1 0.0008558431528833399
412 1 -0.7207042425620052
413 1 0.514572002096467
414 1 0.535487511799664
415 1 -0.5922092130722665
416 1 -0.8459801390484791
417 1 -0.537600990341595
418 1 0.9794905547576633
419 1 -0.6355953766871132
420 1 -0.07552111922009286
421 1 0.9161910168357079
422 1 0.46438562341575507
423 1 0.13927876171328668
424 1 0.7935734005511639
425 1 0.18919769675956566
426 1 0.4295359181085572
427 1 0.3787092898701012
428 1 0.5955483988611274
429 1 -0.8506060010337391
430 1 -0.06871576146681857
431 1 0.8682112630437462
432 1 0.4652201525693036
433 1 -0.2810165223702139
434 1 -0.2672439871837151
435 1 -0.8387968547816769
436 1 -0.9978246437578602
437 1 -0.7316833298524976
438 1 -0.39465997279696574
439 1 -0.1054902837794629
440 1 -0.2674283934168318
441 1 -0.10833537975573493
442 1 0.8268284847476741
443 1 0.6745646525624085
444 1 -0.8736128013542928
445 1 0.16452967916106687
446 1 -0.2273835231030863
447 1 0.4557716806804768
448 1 -0.37252804871404255
449 1 0.8195837337247012
450 1 -0.4677098394898991
451 1 -0.5117713004706625
452 1 0.9738510774062432
453 1 0.5988102943322691
454 1 0.9831288499641839
455 1 0.8681467509652407
456 1 -0.537980156361499
457 1 -0.2097802604724346
458 1 0.06814941381735706
459 1 0.5774986204795984
460 1 -0.15252444864468861
461 1 -0.4333044139329354
462 1 -0.6184975359494413
463 1 -0.40949075702970505
464 1 -0.31806590903029663
465 1 -0.549493024769182
466 1 0.4998226859013375
467 1 0.7783805754170001
468 1 -0.5986265632199355
469 1 0.21347751701740125
470 1 0.03032765141770266
471 1 -0.17284062781349818
472 1 0.23092325720171636
473 1 -0.3027316981982091
474 1 -0.8065628733663346
475 1 0.3302638511534095
476 1 -0.4823830458223728
477 1 -0.843165218841468
478 1 -0.38999379596615724
479 1 -0.7690977499505385
480 1 0.6960506740917352
481 1 -0.23022481530451566
482 1 -0.5617018298032967
483 1 0.05385375138108528
484 1 -0.3803391502248865
485 1 0.5828881006463857
486 1 -0.1818470041018414
487 1 0.4089211478382815
488 1 0.6171402655760065
489 1 0.3568298514655164
490 1 -0.3335643003643931
491 1 -0.7884404348206975
492 1 0.4509379301636689
493 1 -0.7420179521775738
494 1 -0.4633868196191553
495 1 0.17683768967771374
496 1 0.03932597713844932
497 1 0.8215978192661781
498 1 0.8973550660645682
499 1 -0.7203328989965381
500 1 -0.7391235100506466
501 1 0.6916684656353909
502 1 0.9055800868480539
503 1 0.6616432980313374
504 1 -0.40694820627445405
505 1 -0.5651133761097733
506 1 0.6227193147567476
507 1 0.505784042571761
508 1 -0.4570851105666789
509 1 -0.6494182592345139
510 1 0.9269089954209355
511 1 0.11801861480208076
512 1 -0.38010040270036827
513 1 -0.120518530157254
514 1 -0.9073658955391517
515 1 0.4101198295474504
516 1 0.08999919229402953
517 1 -0.5968279994403907
518 1 0.5872479683542444
519 1 -0.5450724308140866
520 1 0.9009435613408161
521 1 0.10407384914773776
522 1 0.22270527881473456
523 1 0.9782733072831504
524 1 0.6236390562627776
525 1 -0.3261866755956464
526 1 -0.904984780733542
527 1 -0.11000156113923198
528 1 0.45098178440145076
529 1 -0.9189119308333311
530 1 0.24829008021692678
531 1 0.3677098266392278
532 1 0.9973837093151412
533 1 -0.8289062382914876
534 1 0.21847993633436613
535 1 -0.0799798134150076
536 1 -0.22039741997095885
537 1 -0.7817696205960463
538 1 -0.19859627934444446
539 1 0.4337285844691823
540 1 0.8333457865268805
541 1 0.4599289661271124
542 1 -0.24563398378060342
543 1 0.8692513106592303
544 1 0.3302989454639025
545 1 0.5071877207218487
546 1 0.935373111124683
547 1 0.4257756241810833
548 1 -0.26903896838662655
549 1 0.8726915299837896
550 1 -0.4363505594815542
551 1 0.8326968629283387
552 1 -0.7825639983507575
553 1 0.22593228808193744
554 1 0.768355871657505
555 1 0.4181112006716352
556 1 -0.7297379111730082
557 1 -0.7531041093730424
558 1 0.4282659901117243
559 1 -0.03435107193143483
560 1 -0.8980431521399028
561 1 0.030486499792429678
562 1 0.7709163144369156
563 1 0.652012846582136
564 1 0.506972416504982
565 1 -0.8303836963361486
566 1 0.1740201355176063
567 1 0.023097588399619395
568 1 -0.8259658752431516
569 1 -0.08541841781946413
570 1 0.4659268974139785
571 1 -0.4904524027933672
572 1 0.2473155863893084
573 1 0.18923259656080726
574 1 0.3131149816660812
575 1 -0.9772445978446587
576 1 0.03255777946392624
577 1 0.13831254453190134
578 1 0.4875716182439189
579 1 0.7054555487422716
580 1 0.0765434978957995
581 1 -0.16981427999545318
582 1 0.6898584370367966
583 1 0.6437621159195677
584 1 0.3141226553919336
585 1 0.4061709695104374
586 1 0.11528644362761709
587 1 -0.03652569884765322
588 1 0.4965306990671565
589 1 0.6419700940369972
590 1 0.6102027547726692
591 1 0.5623095444627684
592 1 0.21116862227242317
593 1 -0.5740707826743556
594 1 0.3348801126325056
595 1 -0.7352673342237555
596 1 -0.8320107390097378
597 1 -0.7733321516942444
598 1 0.8652599916657537
599 1 -0.5727347413233659
600 1 0.7411516713878332
601 1 -0.6973281855922782
602 1 -0.29514411357226633
603 1 0.11033409736774247
604 1 0.14059555017315706
605 1 0.9566023735958424
606 1 -0.7843966117565913
607 1 -0.7807514216082774
608 1 -0.5775921952312773
609 1 0.3794929115223902
610 1 0.19696365247021208
611 1 -0.8933494688588801
612 1 -0.05076896601199676
613 1 0.33177263699893134
614 1 -0.371379263876378
615 1 0.25473479428373125
616 1 0.8222347353353681
617 1 0.8815142447930429
618 1 -0.7337050286067568
619 1 -0.07245558267154473
620 1 -0.9183105613426634
621 1 0.4609932274807127
622 1 -0.6251360170954787
623 1 -0.679563837514418
624 1 0.010214041999790258
625 1 0.19672433816872759
626 1 0.930933062602967
627 1 0.7197770693320911
628 1 0.4217702128602543
629 1 -0.626938812779924
630 1 0.8349525551331847
631 1 -0.9599737132127812
632 1 0.4682627673187225
633 1 -0.556040134088587
634 1 -0.7506529601504697
635 1 -0.026232258162373734
636 1 0.8420253591103644
637 1 -0.2545116115268147
638 1 0.8209879319971423
639 1 0.814250547886525
640 1 -0.7012466658740049
641 1 -0.04188300529176714
642 1 -0.6359831387580677
643 1 0.8736192169396506
644 1 0.05329937614840197
645 1 -0.3661881607022843
646 1 0.1632463262608188
647 1 -0.6817190720782924
648 1 -0.27101741761183473
649 1 0.8710664461946862
650 1 0.7122751665874603
651 1 0.5298744257823111
652 1 0.2671118559609422
653 1 -0.3675145450931665
654 1 0.5626148467938883
655 1 0.8005837945829077
656 1 0.4351165982584033
657 1 0.026144400287568592
658 1 0.47254109037979797
659 1 0.2707849243692104
660 1 -0.3094025165963499
661 1 0.1296603494402193
662 1 0.0086792014921111
663 1 -0.12065497424112359
664 1 0.05328360285140454
665 1 0.26569571723448315
666 1 0.8785907473653249
667 1 -0.5028273871324147
668 1 0.7758555471179835
669 1 -0.30573731720677366
670 1 -0.6223357155413927
671 1 -0.02454260323524826
672 1 -0.8479805539137131
673 1 -0.6145464901891202
674 1 0.5173550429613207
675 1 0.9118800185389224
676 1 -0.36826433486932264
677 1 0.9432663136963464
678 1 0.21237562789035902
679 1 0.7029153611463883
680 1 0.1708918636662764
681 1 0.3150825118021354
682 1 0.810425330125979
683 1 -0.5374425757378973
684 1 0.7281841540928289
685 1 0.6918567072717561
686 1 -0.49209036910163406
687 1 0.7173035096997038
688 1 -0.5268569255712512
689 1 -0.763175023800855
690 1 0.03583184399253625
691 1 -0.4792742917094852
692 1 -0.05113687639235032
693 1 -0.05725468383885568
694 1 -0.49282289046251226
695 1 -0.7135490430208482
696 1 -0.16733501788577798
697 1 0.4548659121725054
698 1 -0.28454531545819317
699 1 -0.8129691714135252
700 1 0.27205504617616594
701 1 0.4618763496688896
702 1 0.4107359694509385
703 1 -0.1989464507226668
704 1 -0.03484195286283742
705 1 0.13697215910517313
706 1 -0.9666667597467589
707 1 0.7944736902208591
708 1 -0.00016923127777679348
709 1 0.40322367222368305
710 1 -0.7857665775220286
711 1 -0.16607054666432108
712 1 0.8232927873631921
713 1 0.30549948324023957
714 1 0.024779700225108447
715 1 -0.28545829134507006
716 1 -0.7431450865320515
717 1 0.44406292377415135
718 1 -0.9076184181967992
719 1 0.5072921697569734
720 1 -0.392836665778318
721 1 0.2764416734135966
722 1 -0.31232840458521194
723 1 0.23973255056103993
724 1 -0.7211963836902737
725 1 0.032667167268853436
726 1 -0.530473688052884
727 1 0.7994447111207394
728 1 -0.11234963311288526
729 1 0.1022327252377575
730 1 0.22678791673348497
731 1 0.9465230634620709
732 1 0.7654480843852587
733 1 0.9394587140371964
734 1 0.5985406206245414
735 1 0.029121813428617083
736 1 0.5428735718142665
737 1 0.5612014982792797
738 1 -0.6032825541460183
739 1 0.6273027679314811
740 1 0.6071084912517639
741 1 -0.6331281092975103
742 1 0.8106151619564288
743 1 0.8867135511954678
744 1 0.12480894338657444
745 1 0.42271618065413064
746 1 0.688512966365866
747 1 0.6254302468480197
748 1 0.19178136008435032
749 1 0.926492811940534
750 1 -0.273238902606586
751 1 -0.20155546290198334
752 1 0.32645049108839386
753 1 0.13713046943127538
754 1 -0.5938151104355291
755 1 0.4652314568660252
756 1 -0.6051679395188461
757 1 -0.5544398921198981
758 1 0.8894298419601181
759 1 0.8346710604857681
760 1 0.6478118612249817
761 1 -0.7291764250934729
762 1 0.36495074807271477
763 1 0.7192455027429236
764 1 0.4847258966513879
765 1 -0.7687195808733951
766 1 -0.25879594409314044
767 1 -0.9619858931430403
768 1 -0.4919521984585524
769 1 -0.2232913139704018
770 1 -0.2579533888857881
771 1 0.7982432398877479
772 1 -0.2298794351290694
773 1 -0.03748940719060423
774 1 0.5384338115830702
775 1 -0.1392343937139997
776 1 -0.8638405486693268
777 1 -0.09845218288471891
778 1 0.09349609806030945
779 1 -0.5503882594249381
780 1 0.781815619945861
781 1 0.4861025278702882
782 1 0.9885877508081797
783 1 0.8440536681474107
784 1 -0.631752763124463
785 1 0.3826248614928256
786 1 0.7251448085850862
787 1 -0.11928182881853622
788 1 -0.018833235116331837
789 1 -0.3442366433356916
790 1 -0.16929569651497123
791 1 0.22859486635774573
792 1 0.5579687035590768
793 1 0.14768341843876076
794 1 0.643372834334909
795 1 -0.6228183978629345
796 1 0.7506465355237883
797 1 -0.05456821214204566
798 1 0.4934216272406222
799 1 0.6421434012564025
800 1 0.9602896587029808
801 1 0.6773588318428503
802 1 0.01840977960924217
803 1 -0.18468238007707494
804 1 0.9971426824220502
805 1 -0.09836904365618593
806 1 0.9035775931192747
807 1 0.339817608241457
808 1 -0.9681636827891908
809 1 -0.21172388867871894
810 1 -0.2772171775942298
811 1 -0.799528444079477
812 1 0.19882408134851026
813 1 -0.33460700277002764
814 1 -0.0401190143322705
815 1 -0.8162562955658534
816 1 0.8777083788240423
817 1 0.22978576612549362
818 1 0.4005567879902223
819 1 0.7984221639917222
820 1 -0.5569888880952281
821 1 -0.4596839307676559
822 1 -0.37839466050938175
823 1 0.1617782401876786
824 1 0.8502541719228167
825 1 0.7922686510129444
826 1 -0.18477491066496365
827 1 0.951603380391987
828 1 0.8163956231390355
829 1 0.8826468500732825
830 1 -0.2779559331109338
831 1 -0.07662517224907917
832 1 0.6510240592468477
833 1 0.08826104595512452
834 1 -0.6300127109596809
835 1 -0.9166341120208192
836 1 -0.18598125864389026
837 1 -0.49235359117261757
838 1 0.6350356227109915
839 1 0.1976559143732073
840 1 0.18525687832417903
841 1 -0.9030111542301285
842 1 0.2823335473293642
843 1 0.7496243584503461
844 1 -0.5148919538562413
845 1 -0.17856983397579484
846 1 -0.0952779518934701
847 1 -0.5132923838200925
848 1 -0.2856302519745335
849 1 0.0016183878901228077
850 1 -0.9338764483899071
851 1 -0.6683636122515246
852 1 0.7167443319256774
853 1 0.4200144280476332
854 1 0.6153856253854793
855 1 0.6975653845362069
856 1 0.40646774053018087
857 1 0.8402565997862756
858 1 -0.7318519421634835
859 1 0.07462352727021382
860 1 -0.3471166771980787
861 1 -0.671697650883132
862 1 0.5569456365733179
863 1 0.2918237385682376
864 1 -0.20789053792468093
865 1 0.5617249168436755
866 1 -0.15828018981625336
867 1 -0.032448790744672884
868 1 0.89395415821123
869 1 -0.27993679674215244
870 1 0.6230202572582684
871 1 -0.6753990687289251
872 1 0.9407550007009531
873 1 0.05211384570859434
874 1 0.8149316313335391
875 1 -0.9815299634089232
876 1 -0.0038569191223547517
877 1 0.5861471424575744
878 1 -0.302721129260787
879 1 0.19554878565897527
880 1 -0.056732328577354885
881 1 -0.8223920602972421
882 1 -0.1549544782837955
883 1 -0.4721118425812849
884 1 -0.5536140980688358
885 1 0.7632873255735189
886 1 -0.13962900204534678
887 1 0.8090374201602462
888 1 0.9805500006948877
889 1 0.19802792050404117
890 1 -0.5584620643501597
891 1 0.32442275066959403
892 1 -0.6156789380161345
893 1 -0.3170841519515206
894 1 -0.32791136664603093
895 1 -0.305781246498968
896 1 -0.9632724719054284
897 1 -0.1848334086267176
898 1 -0.589203308759721
899 1 0.3616528203973337
900 1 0.15464572489331996
901 1 0.09477730933880779
902 1 0.3731545292104521
903 1 -0.8154304190267128
904 1 0.6249311011828822
905 1 0.6113307929353042
906 1 -0.38558438631090963
907 1 -0.7291136123312207
908 1 -0.09489419333413363
909 1 0.0009030393573654649
910 1 -0.8394603359103716
911 1 -0.7781962364061195
912 1 0.9406258418418838
913 1 0.7668616175688134
914 1 -0.8742586172261242
915 1 -0.2528232562033019
916 1 0.30680624455171635
917 1 -0.8349107877315818
918 1 0.5941358807305706
919 1 0.9612425926922703
920 1 -0.16249084683683712
921 1 0.1833664264093322
922 1 -0.10432425248850641
923 1 -0.48219028967909794
924 1 0.7182124802334391
925 1 -0.788236084606164
926 1 -0.6095412775329969
927 1 0.2894713648322502
928 1 0.7727504152556406
929 1 0.5510284032410195
930 1 0.4261340337027304
931 1 -0.5875378728051275
932 1 -0.2863803011157309
933 1 -0.5371990145164338
934 1 -0.9001427917142966
935 1 -0.6393721601980913
936 1 0.08062536122165742
937 1 -0.9348922018605212
938 1 -0.20930567952886636
939 1 0.6357554440709445
940 1 -0.2376883424571381
941 1 -0.5668940817747175
942 1 -0.1214353739669305
943 1 0.6540382671982701
944 1 -0.9733848921354593
945 1 -0.8768467440656689
946 1 -0.7671885000352734
947 1 0.02868347709500685
948 1 0.7640031129606857
949 1 0.7613811356594189
950 1 -0.9776432032314959
951 1 0.55427941091892
952 1 -0.45229962147240554
953 1 0.029481341564163932
954 1 0.06830810870965642
955 1 -0.12807582343727542
956 1 -0.4429040080507629
957 1 0.06370011643947837
958 1 0.0461189612577515
959 1 -0.40158168363367586
960 1 0.2255576035777973
961 1 -0.07067041956289533
962 1 0.9179284178482416
963 1 -0.3831638822573469
964 1 0.9690944376178721
965 1 -0.21975500798366254
966 1 0.5623076651288899
967 1 -0.067395691966464
968 1 -0.3229904240438308
969 1 -0.7290991451866535
970 1 -0.6659966528063685
971 1 0.6324618987613404
972 1 -0.8785731155052039
973 1 0.1923085300080296
974 1 -0.023033274270766402
975 1 -0.914922138719906
976 1 0.9710094721497504
977 1 0.31958778396903487
978 1 0.4809890991922745
979 1 -0.6528084676429551
980 1 0.7969762915797483
981 1 -0.9403377414901024
982 1 0.8649838201383893
983 1 -0.7743804800941767
984 1 0.692448822831204
985 1 0.41560140060481077
986 1 0.4357864009023069
987 1 -0.9494209211266378
988 1 -0.7628995108146268
989 1 0.11996315613545327
990 1 0.013352921997672462
991 1 -0.5996659486277511
992 1 0.08785327728776982
993 1 0.8143332703688695
994 1 0.9731162385111047
995 1 0.8595765198526517
996 1 0.6726272087697689
997 1 -0.198393404130772
998 1 0.3460257431114788
999 1 -0.8210727306189427
1000 1 -0.43265944895857
1001 1 0.3360504762532943
1002 1 -0.6108979858661583
1003 1 -0.762817724588025
1004 1 -0.8819307359029369
1005 1 0.4810023276444142
1006 1 -0.3484037577847183
1007 1 -0.7774610387690692
1008 1 -0.6501949375947051
1009 1 0.9504548969836
1010 1 -0.8308041611029684
1011 1 -0.1539353466826503
1012 1 0.6092016845733004
1013 1 0.34970656972699254
1014 1 -0.0047713914253464385
1015 1 -0.4102738281159284
1016 1 0.3848587388471265
1017 1 -0.2877759711499277
1018 1 0.48109485223994186
1019 1 -0.9707182055923289
1020 1 -0.24240362538569582
1021 1 0.6188071961127215
1022 1 0.4572717399409729
1023 1 0.7699281790583912
1024 1 0.34911678838518
1025 1 0.31044676422586703
1026 1 -0.2509734786002693
1027 1 -0.9483216447369416
1028 1 0.04541687132965966
1029 1 -0.8305422064947501
1030 1 -0.25957081197782816
1031 1 0.5292146600685053
1032 1 0.5515649853578535
1033 1 -0.25843711454670126
1034 1 0.6979201761996647
1035 1 -0.8425291469175822
1036 1 0.19289440979191097
1037 1 -0.1716072747572841
1038 1 0.4328834935198951
1039 1 0.3553517923944438
1040 1 -0.4785311757448092
1041 1 0.6694932362221451
1042 1 0.550353145976022
1043 1 0.89163851883997
1044 1 0.4393594902138951
1045 1 -0.7239722811745699
1046 1 0.23645981146921202
1047 1 -0.6786227181599696
1048 1 0.5001841686850099
1049 1 0.04569657878624933
1050 1 0.500262067070641
1051 1 -0.4461465767923134
1052 1 -0.1859226320648042
1053 1 0.34031503495567184
1054 1 -0.9369814027463468
1055 1 0.16596033488298412
1056 1 0.8381614686765961
1057 1 -0.2937228379192296
1058 1 -0.8856444688064589
1059 1 -0.2355514077542098
1060 1 0.6139282516973152
1061 1 0.07781024463619368
1062 1 -0.4550353029153358
1063 1 -0.7264040808666694
1064 1 -0.8049055909888541
1065 1 -0.5136457718291803
1066 1 -0.5466542163432193
1067 1 0.015607275251593222
1068 1 -0.6608764995420962
1069 1 -0.535707254627213
1070 1 0.7178894056012644
1071 1 -0.48881174626736024
1072 1 -0.47060045618262203
1073 1 -0.8078116126742145
1074 1 0.39365443089879437
1075 1 0.07324588257665954
1076 1 0.9205695309145379
1077 1 -0.5852138115485874
1078 1 -0.7220991446798142
1079 1 0.855859292871366
1080 1 -0.1392260478951295
1081 1 -0.06866272524488792
1082 1 -0.6570589574054071
1083 1 0.12126579633871093
1084 1 0.5262942208315848
1085 1 -0.025783051693680115
1086 1 -0.3121410877317181
1087 1 0.7957591255291865
1088 1 -0.6149029063181519
1089 1 -0.7722395313919503
1090 1 0.6829532948695298
1091 1 0.3925546784666931
1092 1 0.5643092137630579
1093 1 -0.7755648273058389
1094 1 -0.9926106122716651
1095 1 -0.6525628158818515
1096 1 -0.9718462233536966
1097 1 0.014002051497084667
1098 1 -0.7137033647317059
1099 1 -0.8805142918576185
1100 1 -0.4587001366885566
1101 1 0.30913913702987794
1102 1 -0.4962541513109553
1103 1 -0.6153407791289001
1104 1 -0.25632157045917214
1105 1 0.6730672007883953
1106 1 0.1037020410857914
1107 1 -0.5424576405983172
1108 1 0.471090803481641
1109 1 -0.577976107000445
1110 1 -0.8432939770946859
1111 1 0.15892293684084535
1112 1 0.9501374886522187
1113 1 0.5850493109093928
1114 1 0.9131501338749581
1115 1 0.22053406076956117
1116 1 0.5358456031857657
1117 1 0.9952095707233044
1118 1 0.9108457448257377
1119 1 -0.6287805319194422
1120 1 -0.6016065555408852
1121 1 -0.3634960849631803
1122 1 -0.20164101687947977
1123 1 -0.42893422541923876
1124 1 -0.22360018940977366
1125 1 -0.2282360386215352
1126 1 0.3451951850664692
1127 1 -0.5013033730307515
1128 1 -0.04989613733515785
1129 1 -0.6529943429513463
1130 1 -0.7033382958464147
1131 1 0.7418132466917029
1132 1 -0.31814240325043075
1133 1 -0.6399123423310884
1134 1 0.021859472626368337
1135 1 -0.6578294874320687
1136 1 0.12282554475692997
1137 1 0.4063485735637751
1138 1 0.24201421358110675
1139 1 -0.7407044306266621
1140 1 0.3962278153371581
1141 1 -0.1232463481033721
1142 1 0.1319312680463396
1143 1 -0.48374797154643745
1144 1 -0.7641389720269676
1145 1 0.33999095076711305
1146 1 0.30397760862274636
1147 1 -0.6929889801157789
1148 1 -0.4205757074919938
1149 1 0.9154934970295721
1150 1 0.30135246150665984
1151 1 0.722292836908158
1152 1 -0.5273484921156268
1153 1 0.3056294109038953
1154 1 -0.07529258297371255
1155 1 0.5292892037425858
1156 1 0.9133761678508325
1157 1 -0.6099510011142726
1158 1 -0.3168778707729223
1159 1 -0.5941621343820644
1160 1 0.35249549707185124
1161 1 0.05575218706182672
1162 1 -0.4911790771297202
1163 1 -0.7996823782798848
1164 1 -0.9384821378410924
1165 1 0.04203826405720412
1166 1 -0.33632698022632934
1167 1 -0.4174356405628745
1168 1 0.7337495786569874
1169 1 -0.19713438768718627
1170 1 0.8840850926102879
1171 1 0.08674456951645548
1172 1 -0.8749716279181101
1173 1 0.7416563670855465
1174 1 -0.41398131745649613
1175 1 -0.33685101787674765
1176 1 -0.5456153505099144
1177 1 0.05212247969617456
1178 1 -0.8278599310106445
1179 1 -0.42385323444071976
1180 1 0.279566242593297
1181 1 0.20516576434594724
1182 1 -0.83144436632918
1183 1 -0.9927595941681893
1184 1 0.2680935320398099
1185 1 0.0637185853178388
1186 1 -0.7501325113565804
1187 1 0.5512498981000331
1188 1 0.9273248276613943
1189 1 0.9322931427994443
1190 1 0.4546570559561056
1191 1 0.5612939996271742
1192 1 -0.8501124107949809
1193 1 0.9096499061476897
1194 1 -0.23446206409425674
1195 1 0.28923138964293327
1196 1 -0.07777154964555955
1197 1 -0.5926562350457056
1198 1 -0.38079796716364545
1199 1 0.8866267879369252
1200 1 -0.10598876767172793
1201 1 -0.057683953467914995
1202 1 0.5290808404270759
1203 1 0.392089881863221
1204 1 0.12258775589566007
1205 1 -0.7971439648616323
1206 1 0.8446983627183224
1207 1 -0.6078342033690454
1208 1 0.1518853450051456
1209 1 -0.6367320466148272
1210 1 0.9910731242884174
1211 1 0.5815555338019645
1212 1 0.4396024547181008
1213 1 -0.5218841383376405
1214 1 -0.5426171342560413
1215 1 0.92496649242982
1216 1 0.415920164941588
1217 1 0.4980186827596136
1218 1 -0.7438730857119078
1219 1 0.9879743569354209
1220 1 0.4420486662261449
1221 1 0.043270467310611016
1222 1 -0.6239361454337151
1223 1 -0.875541202508997
1224 1 -0.5353565471340018
1225 1 0.2324502166647171
1226 1 0.5355957539125427
1227 1 0.7611449478796215
1228 1 -0.8085943214430318
1229 1 -0.27189684468845465
1230 1 0.1357763914101091
1231 1 -0.4365031565908728
1232 1 0.18742992162734828
1233 1 -0.03717752471327351
1234 1 -0.5009823647483549
1235 1 0.8919096709031467
1236 1 -0.8169292595703512
1237 1 0.356444615736059
1238 1 -0.6557427206767987
1239 1 -0.6503372078587133
1240 1 -0.28352322000606445
1241 1 -0.14751862040022412
1242 1 0.2827969022595287
1243 1 0.15551706563480727
1244 1 0.9703595168746286
1245 1 0.13731147315534753
1246 1 -0.9813444204164421
1247 1 0.9907146355308993
1248 1 0.2756506107122998
1249 1 -0.9489917995630064
1250 1 -0.0649541982312023
1251 1 -0.34928660152824276
1252 1 -0.4026834680372171
1253 1 -0.9978112576843832
1254 1 0.5645580984731811
1255 1 0.8416060443614057
1256 1 0.007083587511648171
1257 1 0.21784886417695914
1258 1 -0.294922633618645
1259 1 -0.7571754489033817
1260 1 0.21485830317988497
1261 1 0.5281674862528674
1262 1 -0.755857901931176
1263 1 -0.6085868185746377
1264 1 -0.2826646237962278
1265 1 -0.7162754592235125
1266 1 0.9194747899974154
1267 1 0.8973520305915665
1268 1 0.23928117461028808
1269 1 -0.7132093862049227
1270 1 -0.3450388125834598
1271 1 0.30801082513168243
1272 1 -0.048906195277965026
1273 1 -0.7385371378791017
1274 1 0.6420964090754109
1275 1 -0.45717583318839083
1276 1 -0.27533463296256677
1277 1 -0.10335450105336053
1278 1 -0.7585415442342134
1279 1 -0.8232955112326039
1280 1 0.9030245575005389
1281 1 0.4564162406946952
1282 1 0.8939344392522093
1283 1 -0.07651298840674081
1284 1 -0.4953326681096524
1285 1 -0.1773337112594584
1286 1 0.2542580576831761
1287 1 0.9262044013520638
1288 1 -0.7299255894959116
1289 1 0.14141710243147854
1290 1 -0.9954923839944818
1291 1 -0.7413988301090946
1292 1 0.06864453653167879
1293 1 0.7421676817331708
1294 1 -0.9392184069821132
1295 1 -0.6572145551769148
1296 1 -0.9045143459433609
1297 1 0.9697617531039229
1298 1 -0.28389643045604296
1299 1 0.8357784268403583
1300 1 0.6637335609710195
1301 1 -0.0442442523730584
1302 1 0.11049143344189494
1303 1 -0.22268997242820543
1304 1 0.3000079717579538
1305 1 -0.6171712177397983
1306 1 -0.5372644319186903
1307 1 0.9592195076016932
1308 1 0.5939138578708503
1309 1 -0.6776991214426955
1310 1 -0.5162533564689691
1311 1 -0.23883539098054296
1312 1 -0.1371718901031267
1313 1 -0.6277505531556695
1314 1 0.5843399603852741
1315 1 0.6825448203454105
1316 1 0.4102661749079144
1317 1 0.4723693614408959
1318 1 -0.10909917678362957
1319 1 -0.802283263178678
1320 1 -0.5036156479044607
1321 1 0.2567309333548573
1322 1 -0.46145732835744724
1323 1 -0.026773344730365745
1324 1 0.6055871284338812
1325 1 0.34097489664224034
1326 1 -0.12498556184761944
1327 1 -0.8428079960453128
1328 1 -0.13560712620906545
1329 1 0.0629662306926475
1330 1 -0.34332799847885975
1331 1 0.9787109012293285
1332 1 0.7158579521306294
1333 1 0.8852634662365693
1334 1 0.5782710519897194
1335 1 0.03266274331961405
1336 1 0.5005248881908406
1337 1 0.7321527231120608
1338 1 -0.7364001777636313
1339 1 0.5703566251543413
1340 1 0.5511911728879759
1341 1 0.8208328066519595
1342 1 -0.08774091374476178
1343 1 -0.4176780721630782
1344 1 0.28335674778481335
1345 1 -0.9729210560783259
1346 1 0.8293707076041386
1347 1 0.6799501723919865
1348 1 -0.7887681349650542
1349 1 -0.7621646650849752
1350 1 0.3054138330376901
1351 1 0.9069539089722625
1352 1 0.4823272534958005
1353 1 -0.35758306934603645
1354 1 0.2711370621535365
1355 1 -0.9749903117203218
1356 1 0.32773929658842427
1357 1 -0.31962931753811263
1358 1 -0.3406592632144958
1359 1 0.6226654656542479
1360 1 -0.06615344411523716
1361 1 -0.2876332734954703
1362 1 0.47481891343956995
1363 1 -0.4890983670206859
1364 1 0.60566206460629
1365 1 0.16561193539080055
1366 1 0.7998896817933105
1367 1 0.17242844622278697
1368 1 0.14694150397345718
1369 1 -0.6816668292162145
1370 1 -0.9473323062716899
1371 1 -0.03837900397290106
1372 1 0.07585474542578319
1373 1 -0.4056709929775457
1374 1 0.4671802170654775
1375 1 -0.891026183765596
1376 1 0.5551350898820626
1377 1 0.3773688950002678
1378 1 0.7483123692340865
1379 1 -0.06251709226046787
1380 1 0.9470918324555304
1381 1 -0.48903211925678636
1382 1 -0.46089496282835607
1383 1 -0.6740877770627902
1384 1 0.06546039108314483
1385 1 -0.8781087647902912
1386 1 -0.788667077872014
1387 1 0.6983505310435798
1388 1 -0.9637773694321061
1389 1 0.5063132484728394
1390 1 -0.4285077683611245
1391 1 0.718088952663279
1392 1 -0.1143354626882569
1393 1 0.7035851784270715
1394 1 0.4824957454192724
1395 1 0.9393180261763476
1396 1 -0.3084207230724392
1397 1 0.6459468358971183
1398 1 0.14244121849348712
1399 1 0.8183435448235872
1400 1 -0.022491215654164565
1401 1 0.6183228302458426
1402 1 0.9023390217123812
1403 1 -0.5770370498703856
1404 1 0.49617106388187593
1405 1 -0.12680990584968455
1406 1 -0.6986002046925099
1407 1 -0.45023129473139045
1408 1 -0.2040521261066588
1409 1 0.21784117319978114
1410 1 -0.9580452390894361
1411 1 0.54531179917229
1412 1 -0.5715143603927644
1413 1 0.7169387547863497
1414 1 0.23594545929264998
1415 1 0.07941867909349676
1416 1 0.47385875253073695
1417 1 -0.035336104314503514
1418 1 0.37303894605753474
1419 1 0.1637996481856554
1420 1 -0.8915284770473701
1421 1 -0.28137515961206816
1422 1 0.7580625583117084
1423 1 0.4214478861407007
1424 1 0.2332022040829782
1425 1 0.09611333870213712
1426 1 0.2697121437827801
1427 1 -0.868454997453604
1428 1 0.5184358369686495
1429 1 0.7293220405456533
1430 1 -0.816325098672182
1431 1 0.7970942877387666
1432 1 0.482850603132696
1433 1 0.6980017662957325
1434 1 -0.08416868916513143
1435 1 -0.5822588583769579
1436 1 0.8424457545635518
1437 1 0.2760973647840066
1438 1 -0.8820378723021265
1439 1 0.30297412896126863
1440 1 -0.7486691631577742
1441 1 0.13414665548714066
1442 1 -0.3127810519458447
1443 1 -0.8793151367999443
1444 1 0.8048331893343694
1445 1 -0.3397303196198225
1446 1 -0.44104641776211917
1447 1 -0.4926159217257913
1448 1 0.3644392244760579
1449 1 0.6984386963013907
1450 1 -0.8868689037384934
1451 1 -0.35391897188191623
1452 1 0.8773903586962286
1453 1 -0.8918388916753341
1454 1 -0.5705546713768272
1455 1 -0.7329234994550693
1456 1 -0.12092891349151524
1457 1 0.26923108798177164
1458 1 -0.5390439504000408
1459 1 0.20892655939361537
1460 1 -0.6060564453966095
1461 1 -0.20395859610383305
1462 1 0.6141807041616816
1463 1 0.10526923611276517
1464 1 -0.556843479511034
1465 1 -0.6295888564020287
1466 1 -0.4922340008859032
1467 1 -0.792555694191146
1468 1 0.20930033611039223
1469 1 0.8424397212620303
1470 1 0.4690687244805336
1471 1 0.624638383158435
1472 1 -0.43311692410834346
1473 1 -0.3977892914823722
1474 1 -0.8345402866118072
1475 1 0.5391259659454943
1476 1 -0.22381126679522367
1477 1 -0.02545469284194657
1478 1 -0.8779467311477522
1479 1 -0.19473713205525067
1480 1 -0.05449590909400048
1481 1 -0.9567493726684542
1482 1 -0.0014011653397520973
1483 1 0.5393577988783094
1484 1 0.08196589960664347
1485 1 0.9783924687616425
1486 1 0.2548670924060359
1487 1 -0.6809185962142741
1488 1 -0.4466566337530615
1489 1 -0.23197733969004908
1490 1 0.09471930956434482
1491 1 0.818552502655038
1492 1 -0.4570963419224827
1493 1 -0.24554525979805297
1494 1 -0.2166775227404345
1495 1 0.8611201300571953
1496 1 -0.1347073094187523
1497 1 -0.4180544998328777
1498 1 0.4731509028898695
1499 1 -0.802375051160451
1500 1 0.5212970646893609
1501 1 -0.528836871516791
1502 1 0.31933795740021154
1503 1 -0.17515621936913872
1504 1 -0.43836380116030216
1505 1 -0.0962742062518529
1506 1 0.9642569792660445
1507 1 0.4431409006640219
1508 1 -0.36406045088159034
1509 1 0.9205026113394004
1510 1 0.082680191151705
1511 1 0.9359323911336621
1512 1 0.2781965584813517
1513 1 -0.14547864602923966
1514 1 -0.35859673862958963
1515 1 0.21848068685108335
1516 1 0.40018592876627856
1517 1 -0.8528554396836852
1518 1 -0.5429668220651334
1519 1 0.9691492038302318
1520 1 0.5562930067914036
1521 1 0.5594686243730729
1522 1 0.4706386734841783
1523 1 0.47034838105254284
1524 1 -0.1984519701302716
1525 1 0.921182121477818
1526 1 0.5672498822018675
1527 1 -0.15788633859056045
1528 1 -0.9409656774696591
1529 1 -0.10282375093446294
1530 1 -0.3630676455514217
1531 1 0.7431649063858534
1532 1 -0.9052891386718314
1533 1 -0.6575220865902873
1534 1 -0.8148538335297901
1535 1 0.13968781496577942
1536 1 0.38384816244191144
1537 1 -0.3694324741145847
1538 1 -0.3998848989827093
1539 1 0.8061844627690358
1540 1 -0.2191877483925515
1541 1 0.6767218260375694
1542 1 -0.964663710942397
1543 1 0.6926270207438343
1544 1 -0.6147808154012344
1545 1 -0.5871149233487467
1546 1 0.36751657983613906
1547 1 -0.4088181542927376
1548 1 -0.4039791470253986
1549 1 0.8168394239162082
1550 1 0.44466600311187476
1551 1 0.25017276577575887
1552 1 -0.952508699089033
1553 1 -0.5851743466615207
1554 1 -0.35988723027323144
1555 1 -0.5658305812011082
1556 1 0.18306162807852688
1557 1 0.14083490507694574
1558 1 0.6524343357341431
1559 1 0.51715339436776
1560 1 -0.0016791050003148733
1561 1 0.10736373810537736
1562 1 0.15172081524959613
1563 1 0.43373601445563437
1564 1 0.46611680681801504
1565 1 -0.804967972927704
1566 1 -0.5047764849710918
1567 1 -0.46641489829850324
1568 1 -0.17090089092124172
1569 1 -0.09073333646253201
1570 1 -0.7993567400512112
1571 1 0.2792633399173179
1572 1 -0.026817831649476043
1573 1 -0.8156321888855289
1574 1 -0.22352259898476623
1575 1 -0.10669837448724029
1576 1 -0.01378051657565682
1577 1 0.5842600166836289
1578 1 0.034576974046187425
1579 1 0.16800785232454296
1580 1 -0.7492085905110315
1581 1 -0.8941346664354863
1582 1 0.5823235807465208
1583 1 0.2069036358661096
1584 1 -0.11204536513981544
1585 1 -0.4954937149757206
1586 1 -0.5022921136754825
1587 1 -0.3556202599102305
1588 1 0.7601920343122321
1589 1 -0.5683937481786647
1590 1 -0.5584850122605656
1591 1 0.5940330834207523
1592 1 0.4960289265731652
1593 1 0.7749628441899401
1594 1 -0.9639831303794009
1595 1 -0.7649090653350616
1596 1 -0.25217412005161943
1597 1 0.5107927329958641
1598 1 -0.13286270391835298
1599 1 0.17554676496628852
1600 1 -0.14993581838608194
1601 1 -0.444156317370882
1602 1 -0.9098540272970703
1603 1 0.5133485049110083
1604 1 -0.14761621536099812
1605 1 0.5139778140106677
1606 1 -0.2060880281651254
1607 1 -0.9829267019336831
1608 1 0.36660191316093393
1609 1 0.14428337215157838
1610 1 0.5119801858317956
1611 1 0.8264861099600878
1612 1 0.8965277319384557
1613 1 0.22090887901900458
1614 1 -0.1342419050247774
1615 1 0.8710752474000076
1616 1 -0.8432272276067807
1617 1 -0.5098297515559653
1618 1 -0.8483424964766326
1619 1 0.8216009170292013
1620 1 -0.4134938986397152
1621 1 -0.5020170813371507
1622 1 -0.3849958850359234
1623 1 -0.266202673990529
1624 1 0.5192133021121013
1625 1 0.5186933747929339
1626 1 -0.48040862327872014
1627 1 0.529445165883131
1628 1 0.2513858404689868
1629 1 -0.22777527023700528
1630 1 0.12737494065503863
1631 1 -0.988162459268362
1632 1 0.8564450790506808
1633 1 -0.455436201727059
1634 1 0.22748804536392586
1635 1 -0.8008390811718933
1636 1 0.9278163734832452
1637 1 0.06902688203476592
1638 1 -0.8520916037508433
1639 1 0.9790558599974821
1640 1 0.03578916298864376
1641 1 -0.5506445784280982
1642 1 -0.614672453917603
1643 1 -0.7047898312857572
1644 1 -0.7621904222719913
1645 1 -0.03106779269962634
1646 1 -0.3171517819471472
1647 1 -0.5816926275312579
1648 1 0.5753753025427031
1649 1 -0.3660190840645512
1650 1 0.34284550449959506
1651 1 0.15049257717953668
1652 1 -0.6589610132899746
1653 1 0.6693102201390897
1654 1 -0.7471179116641746
1655 1 0.3999698049635936
1656 1 -0.23984779307678505
1657 1 -0.5510206938929827
1658 1 0.722455930331799
1659 1 -0.28215012099787096
1660 1 -0.481625934176781
1661 1 -0.23615860371663766
1662 1 -0.32471090350034215
1663 1 0.058656667378247374
1664 1 0.2422438064651673
1665 1 0.9211031439143094
1666 1 -0.1756700441881136
1667 1 -0.835235909131949
1668 1 0.3758177142024981
1669 1 0.60744311992101
1670 1 0.6405743496719789
1671 1 0.7552804304178606
1672 1 -0.32105565411776227
1673 1 -0.805919360476151
1674 1 -0.13851102382367397
1675 1 -0.2853351875490411
1676 1 -0.2501641585826724
1677 1 -0.20367730139953144
1678 1 0.539060995664945
1679 1 -0.04644694249167869
1680 1 0.7542528977073406
1681 1 -0.7475506089127928
1682 1 -0.5545561310924569
1683 1 0.30883099756604526
1684 1 -0.6864959836331199
1685 1 0.07543611638857461
1686 1 -0.1551469503484708
1687 1 -0.3163963061041768
1688 1 -0.21912366523607418
1689 1 -0.9246512073278126
1690 1 0.9497963103445337
1691 1 0.9021131644506415
1692 1 -0.10150079272268853
1693 1 0.2463505728753539
1694 1 -0.6659013695068938
1695 1 0.6104540882243572
1696 1 -0.5051168527436705
1697 1 0.4402144491610722
1698 1 0.9358952136914729
1699 1 -0.5728756177926553
1700 1 0.41205233816757536
1701 1 0.4373381654546198
1702 1 -0.39033371407666095
1703 1 -0.7420694244435837
1704 1 -0.406984467763585
1705 1 -0.1786893162514156
1706 1 0.06588286945728017
1707 1 0.5282749356658052
1708 1 0.733475503938849
1709 1 0.9145385435716495
1710 1 0.21893245688456098
1711 1 0.5716983638941415
1712 1 -0.28931161684703843
1713 1 0.35942049388181174
1714 1 0.9629168372713743
1715 1 0.2840917116943986
1716 1 -0.592358537069887
1717 1 0.24588171682749538
1718 1 -0.821782785154697
1719 1 0.061342224579155946
1720 1 0.8757439036545087
1721 1 0.9252946598235476
1722 1 -0.8811929927401734
1723 1 0.8053772670520185
1724 1 -0.9374304518432564
1725 1 -0.6091236712932226
1726 1 0.6410461499564173
1727 1 -0.17947942128999572
1728 1 0.19270818383321742
1729 1 0.6678873026833259
1730 1 0.6884804671155009
1731 1 0.03414616466411524
1732 1 -0.5221643868371217
1733 1 0.38729535821083116
1734 1 -0.9370087352856624
1735 1 0.6372108115197754
1736 1 -0.8234622796001698
1737 1 0.3165155167038929
1738 1 0.7441145787627248
1739 1 0.6872113579032895
1740 1 -0.334956685961616
1741 1 0.48913950544994256
1742 1 -0.3786752210392399
1743 1 0.9751200311423724
1744 1 0.7464340533137448
1745 1 -0.2881570218575664
1746 1 0.6145472257261198
1747 1 0.21943687832566017
1748 1 -0.038251829578412
1749 1 0.5938783984014804
1750 1 0.5252802373277361
1751 1 0.7757575440768687
1752 1 0.5647879810015151
1753 1 0.8017032612091803
1754 1 0.7702857541864099
1755 1 0.7698848045327638
1756 1 -0.22449541732100675
1757 1 0.071130124458753
1758 1 -0.958549768672132
1759 1 0.46250580446682554
1760 1 -0.7624739872854116
1761 1 0.8584492411425293
1762 1 0.6945012056351578
1763 1 0.08619864820160394
1764 1 -0.44616971498898805
1765 1 -0.429068669408164
1766 1 0.9068122294952528
1767 1 0.32048694145936807
1768 1 -0.22453893929196478
1769 1 0.870352299341147
1770 1 -0.12925104499512763
1771 1 0.6622326416179936
1772 1 0.8228972884494226
1773 1 0.036434872393041884
1774 1 0.9030348215875075
1775 1 0.39090603122478007
1776 1 -0.9859424041885905
1777 1 0.44328845973708275
1778 1 -0.8100461728707484
1779 1 0.9170902637193468
1780 1 0.5062394932305267
1781 1 0.011899237663329565
1782 1 0.2540739339565219
1783 1 -0.9247027105639147
1784 1 0.13984264711857297
1785 1 0.6034767859205179
1786 1 0.8845065920386035
1787 1 -0.8045705405061436
1788 1 0.06601533985947383
1789 1 -0.4872071316476414
1790 1 0.207663965474026
1791 1 -0.8557084017555945
1792 1 0.43028976676375574
1793 1 0.18814067222568687
1794 1 0.6467554153162498
1795 1 0.2942863306984653
1796 1 0.5421461309782356
1797 1 -0.5173836921032304
1798 1 -0.1450954393031021
1799 1 0.8578189963678273
1800 1 0.28688162957617735
1801 1 -0.6487367746431532
1802 1 0.441719636995636
1803 1 -0.38279427302932945
1804 1 -0.344191659152282
1805 1 -0.673059833003161
1806 1 -0.012963592921726663
1807 1 -0.26769003611494857
1808 1 -0.9848372073160852
1809 1 -0.25259068859903655
1810 1 -0.6536206232073922
1811 1 0.09497047308688056
1812 1 0.8505358619539143
1813 1 -0.26818189959706085
1814 1 -0.38735746902895896
1815 1 0.23013388681403057
1816 1 -0.3149774223311854
1817 1 -0.4440913669450386
1818 1 -0.14774242453280806
1819 1 -0.7266572516269512
1820 1 -0.21867458481125035
1821 1 0.18335084808865876
1822 1 0.38175763723915934
1823 1 -0.5831081199486814
1824 1 0.4895493009256826
1825 1 0.823229555934156
1826 1 -0.6635673017476986
1827 1 0.029026705410008846
1828 1 -0.8019662737263324
1829 1 -0.07100840329927305
1830 1 -0.1486703221294372
1831 1 0.18682783876474107
1832 1 0.3577719558022989
1833 1 0.795016578423335
1834 1 0.5186628387099752
1835 1 -0.8809964579404981
1836 1 -0.15544282966533762
1837 1 0.7347316451499473
1838 1 -0.16809422167298083
1839 1 -0.8519782244970606
1840 1 -0.7822714501613142
1841 1 -0.1665998304887819
1842 1 0.33226087199006415
1843 1 0.2430683758673311
1844 1 -0.44795762628659896
1845 1 0.6174118002580922
1846 1 0.6223719462128849
1847 1 0.7937858506087634
1848 1 -0.5227253005917532
1849 1 -0.4045803205924847
1850 1 -0.7379436980722944
1851 1 -0.4155634131078836
1852 1 -0.7429504703244887
1853 1 -0.7668325022044369
1854 1 -0.968321896570842
1855 1 0.10933062750863476
1856 1 0.6911104683958949
1857 1 0.3012764080183761
1858 1 -0.9463887238139923
1859 1 -0.014046558509453133
1860 1 -0.18915764465604767
1861 1 0.20636717686697548
1862 1 0.6372086175487173
1863 1 0.7787043154508686
1864 1 -0.7926495397584012
1865 1 0.18954257033510902
1866 1 -0.49186089340890615
1867 1 -0.7962592622949867
1868 1 -0.38949782836679425
1869 1 0.3607800899907794
1870 1 0.22797142245264457
1871 1 -0.6333794049556023
1872 1 0.8963336883168973
1873 1 0.7074455078983124
1874 1 -0.0631412580178412
1875 1 0.3864844295114991
1876 1 -0.2099547813673972
1877 1 -0.02901520842909089
1878 1 0.4253840657496575
1879 1 -0.44552656043336825
1880 1 0.8355626577369855
1881 1 0.6304529552320832
1882 1 0.7022341656748201
1883 1 -0.25202340201575457
1884 1 -0.02546570653005986
1885 1 -0.6574458219359651
1886 1 -0.9145367380834388
1887 1 -0.2997159316871276
1888 1 -0.3722140799790541
1889 1 0.5928560058822931
1890 1 -0.17749105785410957
1891 1 0.9465021854583466
1892 1 0.0810799430860667
1893 1 -0.8477602560134376
1894 1 0.4753719829458416
1895 1 -0.577121106920716
1896 1 -0.5867339938070006
1897 1 -0.25862326315979844
1898 1 0.7400445375323499
1899 1 0.49856979514091626
1900 1 -0.07236546847491288
1901 1 0.6728280571271306
1902 1 -0.4501150033256096
1903 1 0.5644907954692424
1904 1 0.3452118282644463
1905 1 0.2924694522575215
1906 1 -0.010895303828122316
1907 1 -0.5631232025905792
1908 1 -0.27443619645828754
1909 1 0.24308799430255124
1910 1 0.7958290528881171
1911 1 0.09145327536544956
1912 1 -0.2877810716500935
1913 1 -0.4494397007129043
1914 1 -0.9080915641131961
1915 1 -0.061062571930529996
1916 1 0.7090497804300273
1917 1 -0.045167425397878214
1918 1 -0.04344857475486186
1919 1 -0.8821049201623579
1920 1 0.9928201410311286
1921 1 0.7556080337585398
1922 1 0.3598671122416166
1923 1 -0.8269641482923045
1924 1 0.212925848249081
1925 1 -0.4339464105126263
1926 1 0.8470481925194295
1927 1 -0.3476270552099616
1928 1 -0.5530579588129119
1929 1 0.6368286980019706
1930 1 0.04386157961466175
1931 1 0.2537401149711571
1932 1 0.39299238392439784
1933 1 0.9693693167317097
1934 1 -0.9908508438756525
1935 1 -0.5168862489748243
1936 1 0.6669133350895571
1937 1 0.4405701405586857
1938 1 -0.9312531964672779
1939 1 -0.2240384933183479
1940 1 -0.48694140405519515
1941 1 0.8958138349325662
1942 1 -0.9915215360174086
1943 1 0.4563477464990271
1944 1 0.8466942802423754
1945 1 0.16509607933771075
1946 1 -0.9468073485870203
1947 1 -0.9834315461200231
1948 1 -0.9347028983391301
1949 1 -0.7730759514637526
1950 1 -0.5405932382035643
1951 1 0.17624652573670652
1952 1 0.4677143383265874
1953 1 -0.05198645141600622
1954 1 -0.36988495928582865
1955 1 -0.16556268083532344
1956 1 0.06090589145166336
1957 1 0.7983714901208157
1958 1 0.18959437551705305
1959 1 0.007707514415945527
1960 1 -0.2905781564749559
1961 1 0.7829013700785605
1962 1 -0.477899470352106
1963 1 0.5536938410363506
1964 1 0.973360754530888
1965 1 -0.7752534510379774
1966 1 0.675727075072037
1967 1 0.4312597624942436
1968 1 0.3748960706447908
1969 1 0.12836040029582696
1970 1 0.37386530870506895
1971 1 -0.12329885007772501
1972 1 -0.7904211083277346
1973 1 0.7651148207111744
1974 1 0.28980453076293666
1975 1 -0.6948100188122672
1976 1 0.04257497971158286
1977 1 -0.571986592486988
1978 1 0.19097818488889673
1979 1 0.7243033262183356
1980 1 -0.7140958382776197
1981 1 -0.443821378308632
1982 1 -0.7725358718083146
1983 1 0.21611920563304632
1984 1 -0.9318909228920176
1985 1 0.8312142915619336
1986 1 -0.49658952144489765
1987 1 -0.11466946316291038
1988 1 -0.6831227573950385
1989 1 0.8947768205655842
1990 1 -0.304630135122405
1991 1 0.15824107239515972
1992 1 -0.6297501856224159
1993 1 -0.8111891362415433
1994 1 0.2855588251982213
1995 1 0.747957063538149
1996 1 -0.1403132159401388
1997 1 0.9485625399516415
1998 1 0.5354454893026399
1999 1 0.19003495121887926
2000 1 -0.40285562322356117
2001 1 -0.9564472077156132
2002 1 -0.249313307762576
2003 1 0.5473967866608427
2004 1 -0.1684167968038508
2005 1 -0.0906765816707229
2006 1 -0.5805354582840816
2007 1 -0.6554162311115967
2008 1 -0.8658746833992357
2009 1 0.6632015920997969
2010 1 -0.42054131008269025
2011 1 -0.12203197275401445
2012 1 0.7499256167459372
2013 1 0.3516835263245879
2014 1 0.14830564079691677
2015 1 0.34677675623567694
2016 1 -0.20891098421230736
2017 1 -0.2604734910834774
2018 1 0.5673271935905897
2019 1 0.36862194809392324
2020 1 0.20170407364246445
2021 1 -0.8671728963772298
2022 1 0.44478230459449564
2023 1 0.17247264200326873
2024 1 -0.6401593492552891
2025 1 -0.7223308504664936
2026 1 -0.1817683926624316
2027 1 -0.9550470594404117
2028 1 0.6844297383624061
2029 1 -0.898583880516
2030 1 -0.5164958665223012
2031 1 -0.535334823698747
2032 1 -0.7892488557341535
2033 1 0.12543918832264445
2034 1 0.6990369463162733
2035 1 -0.957690094637728
2036 1 0.09970192029462699
2037 1 -0.6836702471675424
2038 1 0.6916951170026735
2039 1 0.3912236065814738
2040 1 -0.33069078999189294
2041 1 0.3752373003980489
2042 1 0.23141789168004667
2043 1 0.5946406939093336
2044 1 -0.15345049304851544
2045 1 0.8176315622619719
2046 1 -0.8764132060373502
2047 1 -0.7934335376016117
2048 1 0.18767894368204407
2049 1 0.7411968006511291
2050 1 0.46588338317779354
2051 1 0.5555133530868392
2052 1 -0.09443077501134578
2053 1 0.7488840020623042
2054 1 -0.4685509792865665
2055 1 0.2516022216332445
2056 1 0.7892393698184037
2057 1 -0.909813283508164
2058 1 0.5262634797799484
2059 1 0.8394511965928759
2060 1 -0.31034913853678403
2061 1 0.29527367127541515
2062 1 0.029262491949038738
2063 1 -0.8954901360572531
2064 1 -0.6540789886797891
2065 1 -0.8908980747035289
2066 1 -0.1549807998130961
2067 1 -0.37951091454535546
2068 1 0.14444911368030788
2069 1 -0.02038366711259565
2070 1 0.7825510421908102
2071 1 -0.6463042977155715
2072 1 -0.5785772435492631
2073 1 -0.9541364121730376
2074 1 0.46003409639584114
2075 1 0.16083492665980792
2076 1 0.9066492109723332
2077 1 -0.773046292420466
2078 1 0.0012457046391489701
2079 1 -0.28378563968773474
2080 1 -0.15111579901481198
2081 1 -0.8714616032589717
2082 1 -0.7511161897993242
2083 1 0.706084212750588
2084 1 -0.3580729739500703
2085 1 0.8300953417812422
2086 1 0.7746289743998702
2087 1 0.241626527199156
2088 1 0.42995569701454395
2089 1 -0.9748769514963049
2090 1 0.25015232510420193
2091 1 -0.9040614654238253
2092 1 -0.9734634642315649
2093 1 -0.19348262162343
2094 1 -0.058070340007078114
2095 1 -0.2948954954638281
2096 1 0.40217203744531527
2097 1 0.37750376261049645
2098 1 -0.08899236634207508
2099 1 0.27669094055561416
2100 1 -0.28455865946054293
2101 1 -0.1582445874395515
2102 1 0.13384678608542644
2103 1 0.37683475385902243
2104 1 -0.8722851944391135
2105 1 -0.633880192042795
2106 1 0.30841777766773615
2107 1 -0.23317957125489142
2108 1 0.4646095601981648
2109 1 0.43929542218874107
2110 1 -0.10471984238852894
2111 1 -0.17806294842259263
2112 1 0.4274090122512906
2113 1 0.24573330831750395
2114 1 0.9647602438889789
2115 1 0.5668509327067901
2116 1 0.542162845333741
2117 1 -0.3218910278751699
2118 1 0.6090746108758109
2119 1 0.16323600593711984
2120 1 0.3884270220203394
2121 1 -0.4991418809519268
2122 1 -0.1089229303128596
2123 1 0.5577587248921516
2124 1 -0.2533220928900466
2125 1 -0.2587618171974819
2126 1 -0.29753698729994404
2127 1 0.628797260366621
2128 1 -0.4784522725389613
2129 1 -0.3904714360367647
2130 1 -0.8659458241425126
2131 1 0.15307318532229042
2132 1 0.6705245591125759
2133 1 0.2826310560013532
2134 1 0.053417020619155986
2135 1 0.028969406947767062
2136 1 -0.2597266704498231
2137 1 -0.6889433091313799
2138 1 -0.17196429240728572
2139 1 -0.9170562200412904
2140 1 -0.2915658522215312
2141 1 0.1892708073014986
2142 1 0.7590297394456007
2143 1 0.6945748652318249
2144 1 -0.5570907113690693
2145 1 -0.26739771156226566
2146 1 0.6433662163399116
2147 1 -0.18243962976339234
2148 1 0.10518697808362609
2149 1 0.674827859569981
2150 1 0.6047404980223865
2151 1 -0.9117886954346723
2152 1 0.09105475877585989
2153 1 0.20339128517367344
2154 1 -0.6014720657516233
2155 1 -0.849441594998944
2156 1 0.2045145591893509
2157 1 0.8574745903504619
2158 1 -0.0309454108484859
2159 1 0.5960588588250775
2160 1 -0.2017771468799685
2161 1 -0.31905566809678754
2162 1 -0.6598594528071673
2163 1 -0.6729669583828739
2164 1 -0.5990951173288679
2165 1 0.9443881740256661
2166 1 -0.31457888238057263
2167 1 0.1896972653065685
2168 1 -0.9555011535580153
2169 1 0.12075171534107865
2170 1 -0.15583732967513542
2171 1 0.6776935308022964
2172 1 0.9721623330798281
2173 1 -0.4272629156130041
2174 1 -0.16509041804209712
2175 1 -0.8299416383882534
2176 1 0.48892735628397976
2177 1 -0.553305574691165
2178 1 0.1326992064439989
2179 1 -0.5050116027419334
2180 1 -0.43682142411410596
2181 1 -0.8717120987958245
2182 1 0.2464577016617442
2183 1 -0.781964857305981
2184 1 0.7810678367403603
2185 1 -0.9003161540228954
2186 1 -0.03435447538615999
2187 1 0.3172101951214088
2188 1 0.5623609268389398
2189 1 -0.7137690687961955
2190 1 0.5125763072221912
2191 1 -0.9237108486714913
2192 1 0.12189472640722454
2193 1 0.8932599895438242
2194 1 0.02093366146064146
2195 1 -0.359612357152832
2196 1 0.8881691694666003
2197 1 0.3593953953440705
2198 1 0.3602594551093399
2199 1 -0.8195883711019041
2200 1 0.4810520806290435
2201 1 -0.36765333072838
2202 1 0.4414147161294011
2203 1 0.4272069298944925
2204 1 0.10015764874844346
2205 1 0.9696203715216405
2206 1 0.4498528053039774
2207 1 -0.01787321096491934
2208 1 0.7045701582635258
2209 1 0.40391799466026823
2210 1 0.5574520515634083
2211 1 0.7481193505841994
2212 1 0.376132467977738
2213 1 0.6345391925324444
2214 1 0.23930319186665194
2215 1 -0.787563768681758
2216 1 0.5654425981924733
2217 1 0.6697189538336967
2218 1 -0.0925414769499826
2219 1 -0.5612872489684542
2220 1 -0.8607612566836829
2221 1 -0.8774481794531637
2222 1 0.7532813336499375
2223 1 -0.44299129464819176
2224 1 -0.6744549710631724
2225 1 0.9889704316979584
2226 1 0.8687165619006187
2227 1 -0.7943920453077984
2228 1 -0.18342037159199087
2229 1 -0.3830970122328967
2230 1 -0.20815326767770537
2231 1 0.42633937056783133
2232 1 -0.3395508608101141
2233 1 0.8765518245807626
2234 1 0.06851031598372526
2235 1 -0.9678317253230462
2236 1 -0.3009001477639628
2237 1 0.20109174098747618
2238 1 -0.665975638818596
2239 1 0.22846453069824535
2240 1 0.7341713303630077
2241 1 -0.1076140183171772
2242 1 0.6858724235359013
2243 1 0.8789736945191713
2244 1 0.2903019740772037
2245 1 -0.1110348834915067
2246 1 -0.13360636395505088
2247 1 -0.935663773663119
2248 1 0.2636911461011151
2249 1 -0.003825541994173065
2250 1 0.7110671954190433
2251 1 0.8957974323471418
2252 1 -0.2908725882019605
2253 1 0.8832942183622012
2254 1 0.29225318876549977
2255 1 0.0062501280980824525
2256 1 -0.5139409403421711
2257 1 0.853686972267609
2258 1 0.2399687117147966
2259 1 0.3626621893005386
2260 1 -0.07203885909204955
2261 1 0.04246422052019905
2262 1 -0.35290401880804767
2263 1 0.09130652881502987
2264 1 0.6850898775623522
2265 1 -0.2764507739480673
2266 1 -0.15446060975444076
2267 1 0.03169657582821328
2268 1 0.919658976910106
2269 1 -0.35506074272595955
2270 1 0.5657093434327642
2271 1 -0.46944345918391805
2272 1 -0.14929091914433057
2273 1 -0.5214469485324873
2274 1 -0.3677178597254096
2275 1 -0.6300664245361285
2276 1 0.36012724557357156
2277 1 -0.08392663207523143
2278 1 -0.4441684515239377
2279 1 0.04254024301752679
2280 1 -0.4186551075862559
2281 1 -0.41631992039645915
2282 1 0.9777724290484184
2283 1 0.2579439675957338
2284 1 -0.7572063717928212
2285 1 0.35960139242875333
2286 1 0.785613907698151
2287 1 -0.565509952645135
2288 1 -0.9206509917047629
2289 1 -0.6303682874514114
2290 1 0.7850576034093082
2291 1 0.44287615846697737
2292 1 0.19498015940534863
2293 1 0.5961355825520753
2294 1 -0.4228529176062199
2295 1 0.08909291030319721
2296 1 -0.9079998201339179
2297 1 0.20335899521380663
2298 1 -0.6215755709465756
2299 1 0.9728744653480048
2300 1 -0.3531269847373488
2301 1 -0.5113072937802055
2302 1 -0.09262672553945261
2303 1 -0.7104144689136536
2304 1 0.4310284206831969
2305 1 -0.8410824260321179
2306 1 0.37290067978676267
2307 1 -0.31311665259387333
2308 1 0.5684806154341675
2309 1 0.505540500140637
2310 1 0.18229536811640168
2311 1 0.5311650736630729
2312 1 -0.35878149939029136
2313 1 -0.5987231321820192
2314 1 -0.22717298290556598
2315 1 -0.46605707574679167
2316 1 -0.5961853935835089
2317 1 -0.5889852598076073
2318 1 -0.5297947248577011
2319 1 0.8126590093534805
2320 1 -0.42422105722785286
2321 1 -0.5438320950288142
2322 1 -0.6654404367024283
2323 1 -0.2519711249658383
2324 1 -0.6100691381483863
2325 1 0.4572728392637537
2326 1 0.20339608968595946
2327 1 0.9870401433850797
2328 1 0.08888189598035234
2329 1 -0.5690409244152956
2330 1 0.7577500018853638
2331 1 -0.2574907726953384
2332 1 0.811477788566531
2333 1 -0.8273261328404824
2334 1 0.7392080625509345
2335 1 -0.36424105878918667
2336 1 0.8145680158879915
2337 1 0.03341189085716101
2338 1 0.9892905553156777
2339 1 -0.20677058348514676
2340 1 0.9988366120665684
2341 1 -0.37523646314874903
2342 1 -0.5940964120003644
2343 1 0.7435386386521099
2344 1 0.27596215048318395
2345 1 -0.7922119878443186
2346 1 0.02901066031195465
2347 1 -0.6953404696891683
2348 1 -0.5030255531799595
2349 1 0.35638694845805974
2350 1 -0.3063519885792949
2351 1 0.6858579980956203
2352 1 0.7012640171857425
2353 1 0.4433818505799052
2354 1 0.07519610968458323
2355 1 0.13564508575396572
2356 1 0.18669453028294192
2357 1 -0.7050126621260651
2358 1 -0.8970008575592101
2359 1 -0.07344859315766739
2360 1 0.18856689493124312
2361 1 0.6803998156911382
2362 1 -0.6067568297524031
2363 1 -0.05144331592721607
2364 1 -0.03922475768256062
2365 1 -0.6981361222408888
2366 1 0.5756573027710392
2367 1 0.8204671045385419
2368 1 0.06909800604401806
2369 1 -0.05699886175975788
2370 1 -0.7109755471978274
2371 1 -0.9492578219400429
2372 1 0.9178786675403185
2373 1 -0.8235355468821739
2374 1 -0.5777018247516177
2375 1 0.1197413873511417
2376 1 0.7596146261268144
2377 1 0.87009656257494
2378 1 0.8051160249539342
2379 1 0.045357862070150246
2380 1 0.44573563232545754
2381 1 -0.4231738465614663
2382 1 0.9137604727843713
2383 1 0.7070396234953173
2384 1 0.6391485683027973
2385 1 0.6756934251619775
2386 1 0.5053727059169184
2387 1 -0.3209883294868301
2388 1 0.8132328791433927
2389 1 0.26086572893072724
2390 1 0.5562500828495873
2391 1 -0.22353355951393294
2392 1 -0.18834839026932815
2393 1 -0.31512354853672164
2394 1 0.70348250110009
2395 1 0.9338512875631106
2396 1 -0.8028402266416483
2397 1 -0.9084050711518183
2398 1 -0.48396065748423656
2399 1 -0.34615266874729733
2400 1 -0.1337941446573867
2401 1 -0.48106858052919566
2402 1 -0.4394644280888871
2403 1 -0.0382898565937595
2404 1 -0.730845170609357
2405 1 -0.49966610243368215
2406 1 0.44125952364725585
2407 1 -0.48882346671991495
2408 1 -0.2571686459500975
2409 1 0.9683559430146758
2410 1 -0.01732161332444293
2411 1 0.19662682865372805
2412 1 -0.10671391922950191
2413 1 0.4161459583077518
2414 1 0.6436311275961368
2415 1 0.2571580201697443
2416 1 0.08779878399162921
2417 1 0.3204411126528217
2418 1 -0.142950341262033
2419 1 0.6752060508698456
2420 1 0.4624564493471992
2421 1 0.04095594707187211
2422 1 -0.09845765700433207
2423 1 -0.9335550023935333
2424 1 -0.8906373741943541
2425 1 0.6916089665973195
2426 1 0.510733577159433
2427 1 0.7511969245970431
2428 1 0.8269043464305066
2429 1 -0.3153110607078444
2430 1 -0.6023066971710855
2431 1 0.13609528208407706
2432 1 0.7183788006586365
2433 1 0.04467047838118332
2434 1 -0.9579645709002027
2435 1 0.06731427792378275
2436 1 -0.12669409667832765
2437 1 0.21014550253417985
2438 1 0.12594046956141947
2439 1 -0.2892189161610317
2440 1 -0.01065258171514949
2441 1 0.5857931485321186
2442 1 0.5093403581162221
2443 1 0.3926692978610007
2444 1 0.23185140774038038
2445 1 -0.06646512195284737
2446 1 -0.5689914717751756
2447 1 0.5670042805250588
2448 1 -0.6650419951832636
2449 1 -0.9611376545164392
2450 1 0.5063386944939887
2451 1 0.38275464750626353
2452 1 0.4748154389211958
2453 1 0.6519402047591121
2454 1 -0.603488480358533
2455 1 -0.6930940453935357
2456 1 0.7071765255073925
2457 1 -0.9097791916081941
2458 1 0.7818731616379222
2459 1 0.42270436031065217
2460 1 0.150352433076965
2461 1 0.8886968046786599
2462 1 0.010349502694377621
2463 1 -0.6819643289971495
2464 1 0.5366725445780889
2465 1 -0.82193779314194
2466 1 0.216742769763272
2467 1 -0.17129093288399178
2468 1 -0.7140129633317562
2469 1 0.024539680182839696
2470 1 0.4961502410884213
2471 1 -0.2248939525760849
2472 1 -0.7437516232620529
2473 1 0.8857674757047522
2474 1 0.5808930222603941
2475 1 0.9817832158073183
2476 1 -0.96399809673457
2477 1 0.5019442040189188
2478 1 -0.599360587941429
2479 1 0.3755452674790989
2480 1 0.8324455958511547
2481 1 -0.911139073591769
2482 1 0.22700160670499048
2483 1 -0.7939356732899128
2484 1 0.7470806989437806
2485 1 -0.6448541986065488
2486 1 0.8679455646081053
2487 1 -0.8726984091737693
2488 1 -0.20478235907739295
2489 1 0.8721941735115497
2490 1 0.8520328553002798
2491 1 0.524960778323698
2492 1 0.5624367305121463
2493 1 0.43687620406875105
2494 1 0.8675834965807754
2495 1 0.16605021016045618
2496 1 -0.22149887081259578
2497 1 -0.6466548608563807
2498 1 0.9980616290484727
2499 1 0.470228742206384
2500 1 0.06787316579231684
2501 1 -0.4866443052081795
2502 1 0.10725259129083287
2503 1 -0.6176234579752116
2504 1 -0.3317405621712355
2505 1 0.6054115508401905
2506 1 -0.4324046828296104
2507 1 -0.23307908357655593
2508 1 -0.8804509001049758
2509 1 0.6637325431593661
2510 1 -0.7056192123759835
2511 1 0.015998217077119348
2512 1 0.4139189733209441
2513 1 -0.892107491068985
2514 1 0.24677377226909925
2515 1 -0.9971956876559933
2516 1 -0.29430762991679393
2517 1 -0.740841825217371
2518 1 -0.936180305799031
2519 1 0.5416928044972513
2520 1 -0.8486601228911381
2521 1 0.19990535524475872
2522 1 -0.1622538440569392
2523 1 0.5643741614154638
2524 1 0.6955863032048064
2525 1 0.9731124520635877
2526 1 -0.6995903675745445
2527 1 0.5882411452790803
2528 1 0.8096903933807911
2529 1 0.9266435230770209
2530 1 -0.800810598931667
2531 1 -0.11411738211361011
2532 1 -0.5398448310494988
2533 1 0.6172183988993967
2534 1 -0.802996248206453
2535 1 -0.14221215634695383
2536 1 -0.4571660665924384
2537 1 0.5645999931366941
2538 1 -0.23317522830980453
2539 1 -0.732704237949189
2540 1 0.6829310539380322
2541 1 0.5675610551848715
2542 1 0.2529169378097307
2543 1 -0.15746995959555043
2544 1 0.8965138385937297
2545 1 0.09569114986169192
2546 1 0.3925455696123874
2547 1 0.5011419784698898
2548 1 0.2965474304729103
2549 1 -0.04764961462698181
2550 1 -0.17133731309667555
2551 1 -0.7966041868241123
2552 1 -0.589272622254587
2553 1 0.5036610676993476
2554 1 -0.6861017762705697
2555 1 -0.18809705420917866
2556 1 -0.9109350843071775
2557 1 -0.9446661288857203
2558 1 -0.8190550813484008
2559 1 0.5048407396399095
2560 1 -0.7608386002670948
2561 1 0.10205527917543766
2562 1 0.17838450803339412
2563 1 -0.6422093303978325
2564 1 0.9069829807226317
2565 1 -0.9602704317479458
2566 1 0.9593308695941933
2567 1 0.4524501754975081
2568 1 -0.8840342617294199
2569 1 0.8178364215408584
2570 1 0.762639393890862
2571 1 -0.5613715189337227
2572 1 -0.12836612859867813
2573 1 -0.019949053800997874
2574 1 -0.2042599073047131
2575 1 0.4456396575072066
2576 1 0.652869538579677
2577 1 -0.3126264596593651
2578 1 -0.8637033894106882
2579 1 -0.4159453204741217
2580 1 -0.08487419293245657
2581 1 -0.013526896654407539
2582 1 0.6403548806161796
2583 1 -0.3171863871754974
2584 1 0.7336888506037842
2585 1 0.27125304897015634
2586 1 0.10783516360489065
2587 1 0.2707946985907246
2588 1 -0.3902670006223994
2589 1 -0.4275333864908526
2590 1 0.8671827466858486
2591 1 0.3042056657100174
2592 1 0.26511689772574054
2593 1 0.1720617233525905
2594 1 -0.47520984600737437
2595 1 -0.3513390845389901
2596 1 0.9787642252985946
2597 1 -0.9359632728244396
2598 1 0.03327533906221447
2599 1 0.4687688196175377
2600 1 -0.5778967567504119
2601 1 -0.014863013638551914
2602 1 -0.9694599730883131
2603 1 -0.9403290673542168
2604 1 0.38702940367216954
2605 1 -0.8142986899133235
2606 1 -0.7145208213281391
2607 1 0.024336341790503813
2608 1 -0.28291558358026525
2609 1 -0.8971305584798279
2610 1 -0.66449544798334
2611 1 -0.7022865839455954
2612 1 0.8802279720350838
2613 1 -0.5665570807503069
2614 1 -0.90923084287827
2615 1 -0.4855364791633736
2616 1 -0.8163597890940706
2617 1 0.5364571167758538
2618 1 -0.8192661849545604
2619 1 0.6105735530403384
2620 1 0.12325217678427047
2621 1 0.12218289135679195
2622 1 -0.9367202923679292
2623 1 -0.8925990862637947
2624 1 0.29884512516458805
2625 1 0.1814364453697339
2626 1 0.42462586475004915
2627 1 -0.08220493934763562
2628 1 0.5811865706455099
2629 1 -0.836648186985304
2630 1 -0.530868223817788
2631 1 -0.6323953851677224
2632 1 0.8947807643866639
2633 1 -0.3393726539799897
2634 1 -0.9302218401914673
2635 1 0.9626420715843829
2636 1 0.23552569024094816
2637 1 -0.4396197733223566
2638 1 -0.8338779786021993
2639 1 -0.8842180492660485
2640 1 -0.3080056874335273
2641 1 0.2773743249876346
2642 1 -0.981500893706277
2643 1 -0.5757869905023074
2644 1 -0.012456524051132067
2645 1 -0.9155514450447244
2646 1 0.17187662665546766
2647 1 0.9273396190141834
2648 1 0.5166442008359615
2649 1 0.8393223274594526
2650 1 -0.6015667023443285
2651 1 0.21664275962165291
2652 1 0.6392959287132214
2653 1 -0.5818755337345489
2654 1 -0.1733995411035052
2655 1 0.2539646059840066
2656 1 -0.4025990201558476
2657 1 0.6949154138006031
2658 1 0.8120042149168445
2659 1 -0.622630234674203
2660 1 -0.003159903152380128
2661 1 -0.6808196505549955
2662 1 -0.861808106763096
2663 1 0.4375300364788224
2664 1 0.08842300288612548
2665 1 0.0725890227851056
2666 1 -0.8029855918441322
2667 1 -0.4278174766447784
2668 1 -0.31959699303554046
2669 1 0.21792564085581168
2670 1 -0.9367086602953256
2671 1 -0.5065200596625286
2672 1 -0.2753607243421812
2673 1 -0.587276776127085
2674 1 0.787454917801409
2675 1 0.5486058000005762
2676 1 0.6696484326690653
2677 1 0.6504822303841444
2678 1 -0.41030723695132876
2679 1 0.303952792045624
2680 1 -0.8082359106576475
2681 1 0.3899291991802145
2682 1 0.9207028227455845
2683 1 0.6782396978353014
2684 1 0.8720639272693991
2685 1 -0.1548697848967331
2686 1 0.7977623173326833
2687 1 -0.049260381986155455
2688 1 0.5973821938510915
2689 1 0.5640293773536758
2690 1 -0.6827958691986269
2691 1 0.3808027026833194
2692 1 -0.23958952546440182
2693 1 0.988681386722535
2694 1 0.4895672181275619
2695 1 -0.055116583252154516
2696 1 -0.9941088371442808
2697 1 -0.047076881090096334
2698 1 0.8596837473866819
2699 1 0.9649915539469094
2700 1 0.6149500970521797
2701 1 -0.4510205599604107
2702 1 -0.9926598785575134
2703 1 -0.3979421681922062
2704 1 0.4934554724503373
2705 1 -0.2135699281042296
2706 1 0.38557823662440094
2707 1 -0.19261585570099737
2708 1 0.51516086489179
2709 1 -0.4663615869131639
2710 1 0.595795642057706
2711 1 0.7998772065454105
2712 1 0.14499856572468328
2713 1 -0.408132120715722
2714 1 0.07208794525487416
2715 1 0.5264873495058491
2716 1 0.771575359495023
2717 1 0.8190886919608384
2718 1 -0.38246360547088765
2719 1 0.1121203403440505
2720 1 0.03899596308656883
2721 1 -0.45192334439380466
2722 1 0.66171605771211
2723 1 0.6459468636093444
2724 1 -0.9524121289927088
2725 1 0.8703554762470593
2726 1 -0.5600875574968498
2727 1 0.47122829104061514
2728 1 0.6300283669804803
2729 1 0.5843274993124774
2730 1 0.6899597482996986
2731 1 0.6422937592356133
2732 1 0.7110918764625018
2733 1 -0.5003943352401063
2734 1 0.9492290918418698
2735 1 0.4911457979794138
2736 1 0.5096484838283715
2737 1 -0.09805731289430675
2738 1 -0.12496285195542511
2739 1 0.12306203166279728
2740 1 0.3055424562172193
2741 1 -0.5500353122888026
2742 1 0.8381186866627612
2743 1 0.38449719505809044
2744 1 -0.4015562496539069
2745 1 0.9028315838523244
2746 1 0.46218171230996474
2747 1 0.9120401763795687
2748 1 0.5690005238357585
2749 1 0.572040946345922
2750 1 -0.13506904957545007
2751 1 -0.8982605642006005
2752 1 0.31379493052672935
2753 1 0.8876756291823849
2754 1 0.6811990136657835
2755 1 -0.360210144154967
2756 1 -0.9966676699064128
2757 1 0.20769300699629278
2758 1 0.4752731179385612
2759 1 0.5037970944369221
2760 1 -0.05996695187759915
2761 1 -0.1295202996651783
2762 1 0.814839314736485
2763 1 -0.7463874008099076
2764 1 -0.21818697445985635
2765 1 -0.04861552093447363
2766 1 -0.48084119775687406
2767 1 -0.8755363875398607
2768 1 -0.5636121361289852
2769 1 0.8732267155502849
2770 1 -0.7885927570247231
2771 1 0.7941626647688802
2772 1 0.01766809721350393
2773 1 0.37850020641310356
2774 1 0.17426382295877318
2775 1 0.44459426580245065
2776 1 0.2651447560590037
2777 1 0.9059101917203758
2778 1 0.8731381995211485
2779 1 -0.33637809747793335
2780 1 -0.19204245354925153
2781 1 -0.27156914501815543
2782 1 0.9833817499069177
2783 1 -0.27681829935708935
2784 1 0.7934674882938135
2785 1 0.15193779809257246
2786 1 -0.1741903016229962
2787 1 0.975764724790595
2788 1 0.9631836672228526
2789 1 0.18022591731915183
2790 1 0.8793948749341287
2791 1 0.45053220399230565
2792 1 -0.07046018036737878
2793 1 0.797247473317048
2794 1 -0.8034701763035519
2795 1 -0.11860450905818176
2796 1 -0.7343911193007617
2797 1 -0.9479504321896843
2798 1 -0.7987149350313159
2799 1 -0.4370672223103387
2800 1 0.6039246260367954
2801 1 -0.980542208431326
2802 1 0.6508215047313664
2803 1 -0.43977953662738
2804 1 0.5282001670482008
2805 1 -0.7945935209207353
2806 1 0.5261340817780742
2807 1 0.22974291171813244
2808 1 0.19931461118399563
2809 1 0.35796251864763473
2810 1 -0.18420680958590174
2811 1 0.04677073000272758
2812 1 -0.5313183616614181
2813 1 -0.9363346702101647
2814 1 -0.12461396453891971
2815 1 -0.8145701580751723
2816 1 -0.6328555132520932
2817 1 0.7999476218913399
2818 1 0.2422757411519849
2819 1 -0.4343690960398252
2820 1 -0.48650139584820296
2821 1 -0.0968264234581453
2822 1 -0.6970838337223664
2823 1 -0.5450795030635309
2824 1 0.6034488526899715
2825 1 -0.09194300234185926
2826 1 0.2010710245239169
2827 1 0.5346522966592258
2828 1 -0.31544139739840893
2829 1 -0.21989841194306692
2830 1 -0.06393132585746941
2831 1 -0.9726177986074016
2832 1 -0.8439572701494322
2833 1 -0.45369147135132115
2834 1 -0.10394213762872906
2835 1 0.37009787515497305
2836 1 0.9474577831213948
2837 1 0.40373755198763783
2838 1 -0.9187787153062679
2839 1 0.6253543314675967
2840 1 -0.7695000207056275
2841 1 -0.15877033422652387
2842 1 0.9074706892441917
2843 1 0.5749311259014163
2844 1 -0.6150167563123263
2845 1 0.8891624529110218
2846 1 -0.8438350136521033
2847 1 0.31731316456275804
2848 1 -0.7639799727418386
2849 1 0.984824169561396
2850 1 -0.26093993100696733
2851 1 0.7744107886632554
2852 1 0.06237784154085002
2853 1 0.5944268822098653
2854 1 0.38615899185752767
2855 1 0.7993536202387741
2856 1 0.9512369731673507
2857 1 -0.8557284876445201
2858 1 0.3490551291611159
2859 1 0.45174915767193924
2860 1 -0.5256982173323665
2861 1 -0.02756542931682504
2862 1 -0.4674458050384589
2863 1 -0.68228632603589
2864 1 -0.7884174175070653
2865 1 0.5519068396751567
2866 1 -0.4981102761297269
2867 1 -0.5405990120144746
2868 1 0.8383306772048549
2869 1 0.9890561738269976
2870 1 0.46932909737656425
2871 1 0.5305515797245395
2872 1 0.9402079640046099
2873 1 0.08485477763395433
2874 1 -0.838471795759685
2875 1 -0.4368226926314871
2876 1 -0.665217457485523
2877 1 0.6929656628754182
2878 1 -0.8609419570981807
2879 1 0.31721949391675364
2880 1 0.595932174547056
2881 1 0.6697280120419147
2882 1 -0.19758158324483666
2883 1 -0.08628324802018006
2884 1 -0.7980545709228513
2885 1 -0.5757021074738613
2886 1 -0.06611540414081807
2887 1 -0.45885688889443665
2888 1 -0.34331626898862444
2889 1 0.07374848222428532
2890 1 0.7773391860543457
2891 1 0.223942151096149
2892 1 0.06266131828361288
2893 1 -0.7920045416817061
2894 1 -0.24017315290260544
2895 1 -0.3434315153065357
2896 1 -0.6253485737571489
2897 1 0.45580914551060636
2898 1 0.1397249523679822
2899 1 0.02155693129616143
2900 1 0.29300776909683446
2901 1 -0.7572055687780539
2902 1 -0.021334064715394785
2903 1 0.3256527842179615
2904 1 0.11676139763278015
2905 1 0.06290758021325216
2906 1 0.22185309935351727
2907 1 -0.22381525399254976
2908 1 -0.1835021788271587
2909 1 -0.06820574825327141
2910 1 0.7215274974683101
2911 1 -0.7786127034731916
2912 1 0.6816901363094621
2913 1 0.6157961712286022
2914 1 -0.2817514078474823
2915 1 -0.12632204258002422
2916 1 0.23922969821360107
2917 1 0.8047018078082293
2918 1 -0.6325138498831406
2919 1 0.9263663736965022
2920 1 0.42364428499574225
2921 1 -0.7729454205022792
2922 1 0.6677953111011499
2923 1 0.9201745069687746
2924 1 -0.800555003643179
2925 1 0.0391233475345365
2926 1 -0.9695676372348141
2927 1 0.3294452571354498
2928 1 -0.5946914576777536
2929 1 -0.7748299714859794
2930 1 0.8022208052285249
2931 1 -0.3885855367479558
2932 1 -0.052967653071800846
2933 1 -0.02043041459236017
2934 1 0.5231137060657034
2935 1 0.09971131098267705
2936 1 -0.8855800175197985
2937 1 -0.29702579510309524
2938 1 -0.6238521633400476
2939 1 0.014259518482594213
2940 1 0.6911465525152702
2941 1 -0.5016809438644898
2942 1 0.7171753326898103
2943 1 -0.4614327441692203
2944 1 -0.6676184300053876
2945 1 -0.6750002232757741
2946 1 -0.18838387129300949
2947 1 -0.9960132107948263
2948 1 0.09501298981615536
2949 1 0.662792336114367
2950 1 0.0951833891612619
2951 1 -0.6203963953752718
2952 1 0.5187432037767179
2953 1 0.3270441468997183
2954 1 -0.11889091478965352
2955 1 0.12132217534467982
2956 1 -0.23834141725807556
2957 1 -0.17215847297847353
2958 1 -0.18604442293209722
2959 1 -0.5384257918510955
2960 1 -0.9518462646629973
2961 1 -0.4431255013837698
2962 1 -0.244354093618397
2963 1 -0.7402298955964217
2964 1 0.47290625525605456
2965 1 0.0006157760964533576
2966 1 0.265279289380588
2967 1 0.9401001375546989
2968 1 0.6663705359209608
2969 1 -0.3778702787877122
2970 1 -0.1190396814809267
2971 1 -0.9873217818284545
2972 1 -0.2554746308929863
2973 1 -0.5350598526816561
2974 1 -0.018486003542076634
2975 1 -0.07900450166146777
2976 1 -0.5503179413475554
2977 1 0.37096325100533
2978 1 0.780260348810625
2979 1 -0.06278580138998646
2980 1 0.5336690328420266
2981 1 -0.6137426859542379
2982 1 0.15973936707187675
2983 1 -0.5797463116088772
2984 1 0.5000756795387074
2985 1 -0.1718709314587754
2986 1 0.6846082842416603
2987 1 -0.09497428540539143
2988 1 -0.18080323091697426
2989 1 0.03583389395540282
2990 1 -0.5779896249488388
2991 1 -0.6963068830905377
2992 1 -0.4471320965732015
2993 1 -0.19500765419531385
2994 1 0.17255210927115128
2995 1 -0.8318853077723909
2996 1 0.8744862476549546
2997 1 0.3059459179871835
2998 1 0.9433483904190687
2999 1 -0.10470312784715241
3000 1 -0.5848527216581652
3001 1 0.9642506116545833
3002 1 -0.7946449555851671
3003 1 -0.5917334194759478
3004 1 -0.003852951478184874
3005 1 -0.7243018639752519
3006 1 -0.7906915434465891
3007 1 -0.6739335858561153
3008 1 0.16238645299241639
3009 1 0.5599036497140693
3010 1 -0.8810800614894585
3011 1 0.9658150511920458
3012 1 0.9034007483642763
3013 1 -0.7542677952130006
3014 1 0.5689394213421048
3015 1 -0.6012353377164772
3016 1 -0.5850872772141658
3017 1 -0.43154138893684735
3018 1 -0.8472445735377736
3019 1 -0.2299472903220654
3020 1 -0.26788079824569455
3021 1 -0.8206531099924161
3022 1 -0.07340171559177322
3023 1 -0.027737113142001446
3024 1 -0.3580464957781626
3025 1 -0.9818611788716802
3026 1 0.4018113455018031
3027 1 0.9044599809748646
3028 1 0.871530341182966
3029 1 0.22399960018064546
3030 1 -0.9787047445857779
3031 1 -0.29279553522268253
3032 1 0.5741789531309724
3033 1 -0.6025262266725326
3034 1 0.36430229143063286
3035 1 -0.38973980832360255
3036 1 0.8576506574238545
3037 1 0.9700386383191173
3038 1 0.0597811867145126
3039 1 0.4624572483682077
3040 1 -0.07984236282046431
3041 1 0.23633552750332498
3042 1 -0.2830611012928419
3043 1 -0.05446723466678827
3044 1 -0.7426959235554134
3045 1 0.7972508750289033
3046 1 -0.15698765837110606
3047 1 0.548503134340252
3048 1 0.3578715155507246
3049 1 0.8842156185620522
3050 1 0.32824536754537514
3051 1 -0.9321543027341412
3052 1 -0.06760312070404084
3053 1 0.9620670502455793
3054 1 0.013008547365549017
3055 1 0.4522727659150274
3056 1 0.5327863511920183
3057 1 0.05619490761331969
3058 1 -0.5982142127005807
3059 1 -0.2497814173210593
3060 1 -0.43212231950140434
3061 1 -0.3617200275340926
3062 1 -0.7205795544741975
3063 1 0.6949133669871068
3064 1 -0.47608020129422157
3065 1 0.8402265899767232
3066 1 -0.7518980780259452
3067 1 0.0967615486451705
3068 1 0.7153417462001845
3069 1 0.45060400011679835
3070 1 -0.6703020224612597
3071 1 0.4334390176755234
3072 1 -0.06365329567908917
3073 1 -0.9447772442067557
3074 1 0.35369748164100057
3075 1 0.5338575834168233
3076 1 -0.6174047916529495
3077 1 0.9194749260672095
3078 1 0.567347068009767
3079 1 -0.13556783600390876
3080 1 0.7580411412089885
3081 1 -0.8301464888645929
3082 1 -0.7382335545576686
3083 1 -0.9903280055410113
3084 1 -0.39689541291289543
3085 1 -0.5428644972759786
3086 1 0.1452920099488011
3087 1 -0.7245689448020975
3088 1 0.597434720975853
3089 1 0.2254273252697372
3090 1 0.20592405952585646
3091 1 -0.7063555742049368
3092 1 0.5659298279543943
3093 1 0.11971220103435432
3094 1 0.38230723191018234
3095 1 0.7619649635813699
3096 1 0.5085227653053921
3097 1 0.9882693841011332
3098 1 0.41488754011489526
3099 1 0.3925935713094051
3100 1 -0.9480044009134652
3101 1 0.09108148108580427
3102 1 0.5967474520302227
3103 1 -0.5425713802967813
3104 1 -0.23102355086161053
3105 1 0.9240740065734194
3106 1 -0.8020998887188076
3107 1 -0.729798195503583
3108 1 -0.14366812948487206
3109 1 0.5599203070945387
3110 1 -0.35376194854414367
3111 1 0.06947500734227163
3112 1 -0.8837144568614299
3113 1 0.9572979834584603
3114 1 -0.40754679876016664
3115 1 0.051969298463007796
3116 1 0.9896304734942316
3117 1 -0.14977800296319743
3118 1 0.2356935710517769
3119 1 -0.8764415257302902
3120 1 0.5025750638270783
3121 1 -0.6877819222796475
3122 1 0.7161502821053092
3123 1 -0.6681559852447532
3124 1 -0.9072959402343503
3125 1 0.6731348903028338
3126 1 0.6833750915872463
3127 1 -0.5390758494812631
3128 1 -0.18080248302842072
3129 1 0.05337355552210177
3130 1 -0.8677964914003329
3131 1 -0.08553423953350547
3132 1 0.6462726322297194
3133 1 -0.7352206421265755
3134 1 0.9435638864388258
3135 1 0.8868927414885277
3136 1 0.03946449715253153
3137 1 0.8648561897194054
3138 1 0.22803927346072128
3139 1 -0.8384802880717324
3140 1 -0.4690604009946442
3141 1 -0.44252625254192934
3142 1 -0.8141560405639825
3143 1 0.6583586690358352
3144 1 -0.08101579337436293
3145 1 0.24468734335675957
3146 1 0.9934198882863208
3147 1 -0.9433993836178187
3148 1 -0.5092881536393381
3149 1 0.18081526118877833
3150 1 -0.6969381930055589
3151 1 -0.42490250764202697
3152 1 0.6963540360125051
3153 1 -0.8930166695480672
3154 1 0.373702170950335
3155 1 -0.9707284214797667
3156 1 -0.7214625104453187
3157 1 0.07006828785253827
3158 1 -0.8900018066010662
3159 1 -0.10722435424935894
3160 1 -0.5715110555729641
3161 1 0.0975932861782598
3162 1 -0.5895051604438639
3163 1 0.6946931075451319
3164 1 -0.2631391664779845
3165 1 -0.14896560442392115
3166 1 -0.674089720955179
3167 1 -0.38739020231795696
3168 1 -0.43753515255889375
3169 1 -0.756852705138991
3170 1 -0.8228812660461011
3171 1 0.8531133065638541
3172 1 -0.7508857125210715
3173 1 0.05632894942351063
3174 1 -0.3079205268149596
3175 1 -0.7437999334715109
3176 1 -0.6657963491777799
3177 1 -0.9772591073155854
3178 1 0.132971501181691
3179 1 -0.847205088981065
3180 1 0.1838858429783392
3181 1 -0.5845276980819807
3182 1 0.34608795876494747
3183 1 0.1734697851891538
3184 1 -0.9567042190141748
3185 1 -0.8146982581631854
3186 1 -0.24163535080155785
3187 1 0.2574877588288711
3188 1 0.43829266782896803
3189 1 0.5199098883824913
3190 1 0.6835836601605048
3191 1 -0.5165800447848681
3192 1 0.9083591723300688
3193 1 0.8050765753679014
3194 1 0.6934761867360768
3195 1 -0.450328461622278
3196 1 -0.7410685313224703
3197 1 0.3895576775397487
3198 1 -0.4966797831189702
3199 1 0.025962179868068036
3200 1 0.6068111052335883
3201 1 -0.03503943003810139
3202 1 0.08584655925467377
3203 1 -0.2688361236300134
3204 1 0.5830567435514133
3205 1 -0.10196718317593767
3206 1 0.9107990646849351
3207 1 -0.16804490683828122
3208 1 -0.40334699057214385
3209 1 -0.44347171286261267
3210 1 0.18640721630537116
3211 1 0.16238526218913707
3212 1 -0.9875913864779273
3213 1 -0.24936678279318403
3214 1 -0.9724219523681028
3215 1 0.7566784796724524
3216 1 0.7334573078128526
3217 1 0.9743423754476994
3218 1 -0.24748526119820924
3219 1 0.33149184414937394
3220 1 -0.4013920784407603
3221 1 0.5938014750525038
3222 1 -0.9766167623242006
3223 1 -0.42384989874882817
3224 1 0.8506196446466592
3225 1 0.279336607689912
3226 1 -0.23936313266313647
3227 1 -0.6277207802637303
3228 1 0.8349712510581135
3229 1 -0.08759386722838136
3230 1 0.5128071781623114
3231 1 0.05543660140005913
3232 1 0.33397787565714765
3233 1 0.10320310398916455
3234 1 -0.661977066178024
3235 1 -0.15622158306158163
3236 1 -0.840008715482722
3237 1 -0.5463143709859313
3238 1 -0.60601531453028
3239 1 -0.3947072815850148
3240 1 0.0014172712275546395
3241 1 0.7147860056306405
3242 1 -0.7688698045419784
3243 1 0.05449859561492332
3244 1 0.8252822963119508
3245 1 0.8396494332856075
3246 1 -0.19755535459125384
3247 1 0.5573213016274636
3248 1 0.7220274224793366
3249 1 0.6662348173603914
3250 1 -0.35744183714393807
3251 1 -0.0068638679884749365
3252 1 0.4594457984362148
3253 1 0.12405957120606192
3254 1 0.7936229003322464
3255 1 -0.24198176131908866
3256 1 -0.37694893442048527
3257 1 -0.28905359811187203
3258 1 -0.4339517415312424
3259 1 0.3348340815874764
3260 1 0.4830005531897936
3261 1 -0.04452458833355255
3262 1 -0.3621302493593248
3263 1 -0.2025671539961469
3264 1 -0.10630738100148895
3265 1 0.0158830311391156
3266 1 -0.9562357529293302
3267 1 -0.5378004212615872
3268 1 -0.8418406895427124
3269 1 0.7936579721008981
3270 1 0.5568706464923658
3271 1 -0.7172923687499058
3272 1 -0.3325106905504833
3273 1 -0.14160996919565605
3274 1 0.21630786733053742
3275 1 -0.862631690873922
3276 1 0.23087022353865483
3277 1 -0.05419123059398023
3278 1 -0.8027949215518981
3279 1 0.9737098123952115
3280 1 -0.3775248266362323
3281 1 0.19280180535822966
3282 1 -0.7233338636492959
3283 1 0.5156939288751146
3284 1 0.41619953812900823
3285 1 0.04832032155409727
3286 1 -0.059415995547162925
3287 1 -0.6369955153955542
3288 1 -0.44676674239353464
3289 1 -0.7520919980497531
3290 1 -0.9897980996477362
3291 1 -0.6410879627865436
3292 1 -0.0055440315911690075
3293 1 -0.11246097598044202
3294 1 -0.6882837106867263
3295 1 -0.9733254166557292
3296 1 -0.3746472185272136
3297 1 -0.6017669253306637
3298 1 -0.4434312879640625
3299 1 -0.26429299557352626
3300 1 -0.06588711642103706
3301 1 -0.15001676272186515
3302 1 0.6196840738654281
3303 1 0.4199180744458382
3304 1 0.669091784000889
3305 1 -0.9533309386357096
3306 1 0.2635472542992219
3307 1 -0.9680213711090093
3308 1 -0.2466579809912426
3309 1 0.596005952270624
3310 1 -0.20991936778492137
3311 1 0.13510886497987018
3312 1 -0.45440087418681396
